# Trouble in Terrorist Town weapon/ammo placement overrides
# For map: de_dust2
# Exported by: [CM:M] Dangerous Dan McGrew
setting:	replacespawns 1
weapon_ttt_awp	358.443390 1398.983032 2.045754	2.548 16.444 105.890
weapon_ttt_awp	-1996.219727 497.272034 8.865652	3.057 21.941 69.461
weapon_ttt_smokegrenade	-1817.263306 2462.265625 36.523399	0.555 0.007 -0.258
weapon_ttt_smokegrenade	-1829.536499 2466.849121 36.629398	1.518 -0.114 -1.558
weapon_ttt_smokegrenade	155.695908 -152.500702 66.893097	2.746 -0.130 -2.800
weapon_ttt_smokegrenade	163.258102 -156.048706 66.891602	2.717 -0.129 -2.756
weapon_ttt_smokegrenade	1039.365967 2541.417236 161.544724	21.989 -56.640 -88.962
weapon_ttt_smokegrenade	1039.327026 2536.019775 161.609619	19.044 53.117 -90.113
weapon_ttt_smokegrenade	1037.888916 2528.862793 160.125168	-0.914 -1.488 -1.543
weapon_ttt_smokegrenade	-872.038513 1327.764282 -110.470345	16.326 33.412 -89.998
weapon_ttt_smokegrenade	-873.071289 1320.751465 -111.843605	-2.383 -1.214 -1.716
weapon_ttt_smokegrenade	-877.871765 1328.806641 -110.306274	19.349 49.217 -90.469
weapon_ttt_smokegrenade	-152.959961 918.826172 2.094581	-25.212 31.019 87.791
weapon_ttt_smokegrenade	-392.418976 26.983013 2.490769	2.528 -52.185 -91.753
weapon_ttt_smokegrenade	-393.398315 38.350750 2.470722	-50.418 -57.541 -87.692
weapon_ttt_smokegrenade	-443.446594 -3.328778 3.881852	21.270 -50.100 -89.816
weapon_ttt_smokegrenade	1766.021606 2244.022217 65.380432	19.359 -82.649 112.582
weapon_ttt_smokegrenade	1768.402100 2239.406250 66.237000	24.954 80.662 -113.249
weapon_ttt_smokegrenade	1646.080322 2192.962402 30.265533	24.397 -82.595 105.673
weapon_ttt_smokegrenade	1698.081665 2032.518066 39.683498	26.795 89.132 -104.421
weapon_ttt_smokegrenade	1688.678711 1982.790161 39.554413	27.186 -93.377 105.866
weapon_ttt_smokegrenade	1681.080444 1968.558472 38.705578	32.948 -135.430 112.498
weapon_ttt_smokegrenade	1676.831421 1922.065186 41.689625	23.045 -87.242 113.908
weapon_ttt_smokegrenade	1674.018188 1831.715210 35.070637	17.769 77.946 -105.161
weapon_ttt_smokegrenade	301.679077 2641.108398 97.677803	7.089 53.769 -90.086
weapon_ttt_smokegrenade	274.523041 2057.522217 97.995285	21.575 32.781 89.967
weapon_ttt_smokegrenade	-626.292053 408.166534 10.059914	-29.814 -48.196 96.260
weapon_ttt_smokegrenade	-630.151306 513.487793 12.168863	25.538 27.388 98.414
weapon_ttt_smokegrenade	-1951.768555 529.094849 64.167709	-0.624 -1.722 -0.950
weapon_ttt_smokegrenade	-1945.822144 533.603149 65.477089	19.267 48.538 -89.340
weapon_ttt_smokegrenade	-1951.704468 559.086060 33.614738	19.180 38.638 -89.953
weapon_ttt_pump	-258.015289 2288.961670 -120.621704	4.234 -1.802 -95.951
ttt_random_weapon	-1759.352051 -93.424896 9.166600	4.087 8.741 -99.852
ttt_random_weapon	-1482.277588 25.368500 97.209702	1.766 4.772 -92.847
ttt_random_weapon	-1871.078857 562.377380 33.222900	1.617 4.988 -93.189
ttt_random_weapon	-2166.704834 1053.350708 33.224701	1.596 4.987 -93.236
ttt_random_weapon	-1629.675659 1776.262207 45.654301	6.022 -94.945 -90.721
ttt_random_weapon	-2068.140625 2485.020752 89.497803	1.946 4.720 -92.435
ttt_random_weapon	-2013.891113 3061.607666 33.193100	1.952 4.926 -92.420
ttt_random_weapon	-1395.200195 2631.865723 113.220100	1.648 4.764 -93.117
ttt_random_weapon	-869.986206 2399.655273 -72.814301	11.985 -11.024 83.419
ttt_random_weapon	560.357422 2373.769287 41.162102	2.199 3.681 -92.258
ttt_random_weapon	971.483398 2469.844482 97.216202	1.692 4.925 -93.016
ttt_random_weapon	-414.266113 -78.382401 4.427400	4.372 3.129 -94.793
ttt_random_weapon	-1746.232056 -286.362000 187.509598	1.814 4.712 -92.737
ttt_random_weapon	-1666.854370 -219.002106 187.503296	1.884 4.716 -92.576
ttt_random_weapon	-1748.632690 -217.380096 187.504105	1.876 4.716 -92.595
ttt_random_weapon	85.816124 2349.792725 -124.654587	5.326 -30.664 -94.385
ttt_random_weapon	82.770462 2507.990479 -108.002487	7.443 -6.902 97.370
ttt_random_weapon	265.040710 2484.051758 -116.490044	-4.646 -3.759 97.700
item_ammo_smg1_ttt	1750.157349 332.271912 64.521400	-0.220 0.014 -0.192
item_ammo_smg1_ttt	1735.004639 331.321991 64.422302	0.471 -0.004 0.304
item_ammo_smg1_ttt	1720.037964 331.274414 64.426498	0.591 -0.003 0.384
item_ammo_smg1_ttt	314.670807 471.753906 11.557700	6.327 92.879 -2.624
item_ammo_smg1_ttt	308.664001 451.805786 11.043200	-6.941 79.614 -6.599
item_ammo_smg1_ttt	-1376.054321 2789.161621 4.578100	0.474 -0.061 -0.715
item_ammo_smg1_ttt	-1395.242188 2790.097412 4.878000	1.713 0.088 -0.600
item_ammo_smg1_ttt	556.901184 2757.295898 96.492500	0.408 -0.436 -0.223
item_ammo_smg1_ttt	567.176208 2750.221191 101.959702	88.377 -3.871 -3.056
item_ammo_smg1_ttt	743.911499 2741.581055 97.978577	15.308 -3.243 -0.188
item_ammo_smg1_ttt	759.931946 2741.888916 96.488113	0.122 0.302 0.054
item_ammo_smg1_ttt	776.510376 2742.017334 101.994499	88.552 -5.592 -4.195
item_ammo_smg1_ttt	1542.831299 3039.323975 135.709488	-4.915 -3.342 -5.380
item_ammo_smg1_ttt	1557.203247 3031.514160 139.711334	-19.259 -3.311 -5.449
item_ammo_smg1_ttt	1277.143921 1505.093262 0.666805	-0.448 0.018 -0.021
item_ammo_smg1_ttt	1278.655151 1527.347900 0.729071	-0.217 -0.022 0.493
item_ammo_smg1_ttt	-2059.491943 2874.610840 88.834030	-0.141 1.695 -0.149
item_ammo_smg1_ttt	-2043.739136 2887.593994 88.790497	0.026 -0.544 -0.051
item_ammo_smg1_ttt	-2032.589355 2867.838623 88.808548	-0.188 0.349 -0.142
item_ammo_smg1_ttt	1233.516357 2568.539795 102.065231	-89.047 37.178 1.850
item_ammo_smg1_ttt	1247.638062 2561.244873 101.965935	88.405 -18.994 -3.055
item_ammo_smg1_ttt	1721.092285 1824.537598 45.806686	-6.534 7.536 10.254
item_ammo_smg1_ttt	1703.365967 1826.379761 42.004082	-14.299 -0.254 6.505
weapon_zm_molotov	-1163.193848 1201.169434 52.567001	3.169 -0.141 -3.256
weapon_zm_molotov	-1164.610840 1189.312622 52.509201	0.296 0.002 0.044
weapon_zm_molotov	976.853882 1199.731812 5.370700	3.331 -0.206 -3.191
weapon_zm_molotov	-1364.098267 1274.019775 33.772179	-39.756 -119.754 -88.854
weapon_zm_molotov	-1363.738525 1255.451538 34.045975	-84.376 107.200 43.309
weapon_zm_molotov	-1364.699341 1245.584229 33.987209	-81.754 -168.180 65.045
weapon_zm_molotov	-1037.774414 1529.442505 -110.580391	81.258 76.152 101.094
weapon_zm_molotov	-1021.692688 1529.039429 -110.599365	75.850 58.211 88.636
weapon_zm_molotov	-1032.648682 1533.152710 -110.460442	-7.100 -69.522 89.811
weapon_zm_molotov	-2154.157227 -467.190369 278.881226	-64.784 152.683 109.885
weapon_zm_molotov	-2028.797607 -569.258789 117.268600	69.441 -151.880 155.514
weapon_zm_molotov	-2037.268555 -656.547668 135.784607	-45.169 -79.948 -92.926
weapon_zm_molotov	-2008.188965 -505.904205 98.067131	-74.535 53.216 -154.250
weapon_zm_molotov	-2013.215698 -426.316284 79.314987	-7.879 134.504 108.561
ttt_playerspawn	190.664566 2441.328125 -125.083595	-0.307 -0.081 3.403
ttt_playerspawn	252.272568 2435.843018 -124.491501	-1.753 3.378 3.431
ttt_playerspawn	299.462891 2426.335693 -124.006561	-0.590 -2.431 5.030
ttt_playerspawn	354.301208 2420.803467 -124.243866	-0.003 0.757 4.503
ttt_playerspawn	397.833344 2427.045654 -123.827827	0.152 -0.091 5.048
ttt_playerspawn	-101.039162 2261.064453 -126.436188	-0.367 1.484 -2.105
ttt_playerspawn	-37.341694 2019.050903 -124.990005	0.708 -0.310 1.266
ttt_playerspawn	276.240234 2069.355225 -125.412231	-0.265 0.111 -0.627
ttt_playerspawn	1654.852173 344.429962 64.564362	0.014 0.000 -0.013
ttt_playerspawn	653.059143 1176.492432 4.567888	-0.252 -0.081 -0.593
ttt_playerspawn	664.310120 -159.798340 11.274377	-5.408 1.053 2.797
ttt_playerspawn	388.910583 -794.267151 3.421263	1.344 -0.284 -4.840
ttt_playerspawn	-627.664978 -817.481934 134.366119	0.699 -0.060 2.319
ttt_playerspawn	-709.306152 -814.061584 134.093109	-2.156 -0.162 1.941
ttt_playerspawn	-770.799500 -813.085999 131.435272	-3.697 7.137 1.762
ttt_playerspawn	-2152.895020 -755.395874 130.024536	-1.206 0.023 -0.762
ttt_playerspawn	-1373.288208 -388.207733 132.001007	-1.933 0.413 0.170
ttt_playerspawn	-1311.842773 -383.062378 131.893127	2.054 -0.058 0.383
ttt_playerspawn	-1241.798706 -374.432007 129.700058	1.180 0.501 0.312
ttt_playerspawn	-1902.627808 624.339722 32.493805	0.050 -0.000 -0.050
ttt_playerspawn	-2185.935059 1200.488159 32.499882	0.042 -0.000 -0.042
ttt_playerspawn	-2057.347412 3005.661377 32.540188	0.028 0.000 -0.028
ttt_playerspawn	484.341370 1770.348877 0.503575	0.046 -0.000 -0.046
ttt_playerspawn	-1204.398682 2546.627441 38.164307	3.171 -1.109 0.045
ttt_playerspawn	-485.218292 -384.520477 3.870718	-3.937 0.492 0.546
ttt_playerspawn	222.524796 455.400208 8.791989	-0.742 0.246 6.588
ttt_playerspawn	1435.234131 197.419678 -190.189240	-0.226 -0.004 0.379
ttt_playerspawn	1134.713623 2467.383057 96.514397	-0.037 0.000 -0.037
ttt_playerspawn	469.839874 2752.104980 96.508553	0.038 -0.000 -0.038
ttt_playerspawn	-116.497597 1533.724243 0.531379	-0.038 0.000 -0.038
ttt_playerspawn	-1190.947998 1338.526489 -111.428741	0.013 0.000 -0.015
ttt_playerspawn	-645.127136 452.480408 7.333661	-0.820 0.224 -0.684
weapon_ttt_mp5	1513.032349 3043.961182 135.417847	0.535 7.219 -93.899
weapon_ttt_mp5	-2063.025879 2850.624512 89.494263	1.148 -15.059 85.681
item_box_buckshot_ttt	-2177.713379 -838.766174 130.088303	-0.628 0.171 -1.230
item_box_buckshot_ttt	-2178.577637 -826.088074 129.912201	-0.863 -0.135 -0.145
item_box_buckshot_ttt	-2178.966553 -812.324524 129.848999	-0.850 -0.149 -0.161
item_box_buckshot_ttt	760.676514 1198.014648 0.778100	3.082 0.258 -0.171
item_box_buckshot_ttt	760.879211 1186.888184 0.858200	2.947 0.187 -0.882
item_box_buckshot_ttt	751.614380 1190.648071 1.204900	3.108 -0.671 -0.490
item_box_buckshot_ttt	1024.922363 323.444214 8.340200	-55.091 34.418 -86.970
item_box_buckshot_ttt	1017.946472 320.277405 11.293400	-43.835 -140.725 176.867
item_box_buckshot_ttt	-228.863602 1519.513916 0.382500	-0.435 0.000 0.440
item_box_buckshot_ttt	-217.693802 1521.262817 0.378000	0.291 0.003 -0.149
item_box_buckshot_ttt	-602.966919 620.085327 19.527901	3.865 1.623 -6.451
item_box_buckshot_ttt	-590.880981 623.717896 18.749100	11.526 -0.064 -0.222
item_box_buckshot_ttt	756.241028 -8.578200 13.728100	-4.911 0.716 -3.652
item_box_buckshot_ttt	745.796326 24.317600 10.721800	-5.274 -0.084 -3.653
item_box_buckshot_ttt	1041.438232 267.718445 1.387718	-0.951 -10.145 0.220
item_box_buckshot_ttt	1049.533447 272.204346 1.379589	-0.799 0.017 -0.270
item_box_buckshot_ttt	1057.427490 281.136719 1.443512	1.238 2.486 -0.475
item_box_buckshot_ttt	-264.630890 2280.407227 -121.760605	-5.178 1.446 -5.534
item_box_buckshot_ttt	-276.559265 2283.993652 -123.302818	-5.439 0.205 -5.504
item_box_buckshot_ttt	-241.638016 2278.648682 -122.080971	4.566 -0.460 -5.711
item_box_buckshot_ttt	-1713.139038 1610.182007 23.314407	4.395 -0.212 -6.373
item_box_buckshot_ttt	-1704.366821 1613.237915 22.247387	4.894 0.195 -6.480
item_ammo_357_ttt	-500.148102 -183.684906 64.352097	0.444 0.057 0.042
item_ammo_357_ttt	-478.248810 -183.866806 64.338898	0.440 0.062 0.046
item_ammo_357_ttt	-462.295502 -183.487793 64.338898	0.440 0.062 0.046
item_ammo_357_ttt	673.328613 -99.413803 11.197100	-3.484 -0.269 -2.444
item_ammo_357_ttt	672.671570 -109.897202 11.546900	-3.375 -0.301 -2.415
item_ammo_357_ttt	-2080.368652 2910.031982 32.332500	0.451 0.065 0.055
item_ammo_357_ttt	-2089.989990 2909.792480 32.328300	0.450 0.068 0.057
item_ammo_357_ttt	754.008728 578.342407 0.734500	1.604 -0.149 -0.288
item_ammo_357_ttt	742.861023 578.792725 0.813200	0.397 -0.016 -0.800
item_ammo_357_ttt	736.375488 577.141296 0.803600	1.179 0.174 -0.612
item_ammo_357_ttt	319.108704 2716.168945 96.340599	0.452 0.065 0.052
item_ammo_357_ttt	396.630890 1368.540283 0.360435	0.456 0.058 0.044
item_ammo_357_ttt	382.366089 1368.850464 0.330390	0.450 0.068 0.056
item_ammo_357_ttt	372.442352 1371.028076 0.362082	0.456 0.058 0.043
item_ammo_357_ttt	-1996.934937 505.013824 9.980369	2.106 -8.346 -14.459
item_ammo_357_ttt	-2013.937012 506.228546 9.403648	5.453 1.626 2.989
item_ammo_revolver_ttt	407.691711 -757.976074 0.948400	2.299 0.381 -0.606
item_ammo_revolver_ttt	397.733612 -758.302612 1.189100	2.067 0.144 -0.952
item_ammo_revolver_ttt	-1204.386475 1427.540283 -111.620003	0.460 0.055 0.036
item_ammo_revolver_ttt	-1188.977539 1429.834595 -111.614700	0.461 0.054 0.034
item_ammo_revolver_ttt	-2192.022949 1249.095947 32.332401	0.450 0.063 0.056
item_ammo_revolver_ttt	-2182.779541 1249.151733 32.336498	0.451 0.063 0.054
item_ammo_revolver_ttt	1294.030884 193.454193 -190.891693	0.499 0.067 -0.012
item_ammo_revolver_ttt	-2036.923462 3155.267334 32.401520	0.464 0.055 0.027
item_ammo_revolver_ttt	-2027.173462 3159.633301 32.328259	0.450 0.068 0.057
item_ammo_revolver_ttt	-2027.164917 3148.760010 32.366879	0.457 0.058 0.041
item_ammo_revolver_ttt	1733.649170 361.873474 64.376778	0.492 0.248 0.033
item_ammo_revolver_ttt	1727.474609 364.589874 64.419128	0.527 -0.274 -0.752
item_ammo_revolver_ttt	1720.931519 362.308777 64.365303	0.457 0.058 0.042
item_ammo_revolver_ttt	-1029.861328 -537.235840 167.214905	-22.148 -4.779 -8.927
item_ammo_revolver_ttt	-1022.333496 -538.828125 170.596527	-12.701 31.807 -20.627
item_ammo_revolver_ttt	-1021.110535 -533.267700 173.162994	70.530 -31.232 -47.621
item_ammo_revolver_ttt	1591.914551 166.143402 -164.211929	-12.524 -3.732 12.877
item_ammo_revolver_ttt	1583.334961 170.484665 -165.127625	-10.447 -9.688 14.021
item_ammo_revolver_ttt	1572.331787 166.101486 -168.527359	-10.716 -11.507 13.855
ttt_random_ammo	477.695587 1947.916748 96.423599	1.408 -0.032 -1.695
ttt_random_ammo	485.649811 1907.516968 96.374397	0.122 -0.000 -0.085
ttt_random_ammo	412.476990 1428.706543 96.332397	0.045 0.000 -0.032
ttt_random_ammo	337.732788 2660.732666 96.421799	1.559 0.040 1.887
ttt_random_ammo	328.020996 2629.925293 96.372803	0.108 0.000 0.067
ttt_random_ammo	314.333710 2592.975098 96.346802	0.049 0.000 -0.017
ttt_random_ammo	-1731.020874 -260.288513 186.638794	0.046 0.000 -0.033
ttt_random_ammo	-1719.032227 -208.224304 186.633896	0.046 0.000 -0.034
ttt_random_ammo	-1656.808228 -177.881195 186.667297	0.052 0.000 -0.009
ttt_random_ammo	-1787.292603 -423.333405 160.344498	0.047 0.000 -0.019
ttt_random_ammo	-1787.548340 -504.034088 160.421005	1.441 0.033 1.730
ttt_random_ammo	-1324.626831 583.590027 32.390701	0.546 -0.004 -0.609
ttt_random_ammo	-1324.063110 559.835388 32.369099	0.092 -0.000 -0.046
ttt_random_ammo	162.043655 2509.342285 -111.555359	2.497 -3.055 105.819
ttt_random_ammo	150.032639 2495.803467 -115.095818	0.655 -2.576 101.559
ttt_random_ammo	126.144730 2483.844971 -117.195778	5.802 5.067 100.520
ttt_random_ammo	96.603729 2457.554199 -119.529861	9.244 -3.024 3.904
weapon_zm_rifle	-482.424713 -164.857803 65.316704	3.338 11.254 64.810
weapon_zm_rifle	670.087524 -87.641602 19.361200	-62.727 29.826 100.657
weapon_zm_rifle	340.977509 2721.272461 139.830505	7.024 5.815 68.628
weapon_zm_mac10	1696.802856 329.288696 65.261902	-0.433 -173.737 -88.745
weapon_zm_mac10	-1364.204224 2750.118164 5.709800	-0.527 -1.114 85.983
weapon_zm_mac10	323.613190 459.720306 13.395200	-6.776 -29.211 -74.303
weapon_zm_mac10	568.244324 2785.282715 97.247597	-0.369 -37.728 -88.556
weapon_zm_mac10	-1770.560669 2479.906006 33.262100	-0.150 -38.539 -88.550
weapon_zm_mac10	725.050598 2742.393311 97.310493	0.137 -13.570 -88.763
item_ammo_pistol_ttt	-2410.164551 540.922485 251.303802	89.335 49.090 153.027
item_ammo_pistol_ttt	-1580.179321 677.256287 32.495701	-0.082 85.183 -0.007
item_ammo_pistol_ttt	-1587.081787 689.070374 35.289001	89.479 -122.549 152.734
item_ammo_pistol_ttt	438.929504 1776.750732 0.335800	-0.142 -0.019 -0.043
item_ammo_pistol_ttt	448.335388 1778.273438 0.343000	-0.136 -0.019 -0.041
item_ammo_pistol_ttt	456.602203 1777.855957 0.372700	-0.110 -0.019 -0.033
item_ammo_pistol_ttt	1369.159912 3035.536865 131.317703	-4.528 1.472 2.490
item_ammo_pistol_ttt	1375.513062 3028.309570 131.034805	-5.298 1.028 1.793
item_ammo_pistol_ttt	1382.450806 3033.066162 131.770401	-6.361 0.044 5.540
item_ammo_pistol_ttt	1611.291138 1774.666626 20.801001	-7.935 0.100 -6.441
item_ammo_pistol_ttt	1597.145264 1775.937744 21.393900	-78.993 144.130 -146.505
item_ammo_pistol_ttt	907.869629 1137.950806 1.188700	0.594 -0.074 -0.134
item_ammo_pistol_ttt	926.284119 1138.047485 1.227100	-0.531 0.024 -0.175
item_ammo_pistol_ttt	-1847.174438 540.580017 67.425301	0.383 0.097 0.015
item_ammo_pistol_ttt	-1864.141602 541.449280 67.417198	-1.434 3.056 0.005
item_ammo_pistol_ttt	-1883.895264 540.346313 67.430809	0.063 -0.162 -0.041
item_ammo_pistol_ttt	-1904.609985 542.726624 67.399399	0.972 -6.108 -0.004
item_ammo_pistol_ttt	-1828.251709 542.894409 67.403831	-0.067 -0.651 -0.004
item_ammo_pistol_ttt	1244.900879 1561.633057 0.896000	-1.070 -0.784 0.442
item_ammo_pistol_ttt	-967.752930 2524.220703 6.645500	-0.076 0.011 -0.014
item_ammo_pistol_ttt	-976.386230 2525.051270 6.648200	-0.072 0.025 0.004
item_ammo_pistol_ttt	-962.560425 2503.727539 6.635100	-0.143 -0.019 -0.035
item_ammo_pistol_ttt	-971.524475 2502.886475 6.662900	-0.120 -0.020 -0.030
item_ammo_pistol_ttt	-960.354614 2480.682129 6.704000	-0.085 -0.021 -0.021
item_ammo_pistol_ttt	-968.250610 2480.531494 6.728700	-0.063 -0.021 -0.016
item_ammo_pistol_ttt	563.268982 2316.538574 -23.626900	-0.013 -0.030 0.010
item_ammo_pistol_ttt	576.139587 2317.292236 -23.628799	-0.013 -0.030 0.010
item_ammo_pistol_ttt	586.466492 2317.094482 -23.628799	-0.013 -0.030 0.010
item_ammo_pistol_ttt	595.238525 2316.797852 -23.666100	-0.017 -0.027 0.013
item_ammo_pistol_ttt	607.969482 2316.203125 -23.619499	-0.012 -0.030 0.009
item_ammo_pistol_ttt	624.195801 2315.330322 -23.656799	0.133 0.019 -0.034
item_ammo_pistol_ttt	-1640.639771 1623.949707 13.667700	-0.513 -1.425 -15.672
item_ammo_pistol_ttt	-259.288422 1500.320801 -125.188736	0.589 -0.139 -0.773
item_ammo_pistol_ttt	-270.690643 1500.206055 -125.061577	0.952 0.143 -0.768
item_ammo_pistol_ttt	-1724.511353 2848.442871 16.730503	0.779 1.126 13.478
item_ammo_pistol_ttt	-1716.019897 2845.907227 15.870284	1.438 -0.589 13.502
item_ammo_pistol_ttt	-1709.731445 2845.931641 15.728255	1.335 -0.519 13.393
item_ammo_pistol_ttt	812.726563 813.948669 0.715990	3.195 -1.370 0.398
item_ammo_pistol_ttt	-1582.057617 1269.970581 35.829926	2.636 -0.000 -1.753
item_ammo_pistol_ttt	-1559.909790 1269.676025 32.470211	-0.067 4.635 -0.030
item_ammo_pistol_ttt	-1565.654297 1266.730957 37.088474	-74.433 58.031 -53.463
item_ammo_pistol_ttt	-1780.056885 1813.487915 11.308194	-82.573 171.381 -170.597
item_ammo_pistol_ttt	-1774.870483 1835.373169 8.519568	-6.101 -0.320 -2.274
item_ammo_pistol_ttt	-1785.102661 1832.222656 7.302869	-6.441 -1.482 -2.092
weapon_ttt_aug	1278.762085 1485.038452 1.629198	-1.777 -15.844 -85.572
weapon_ttt_aug	1249.130493 2573.024170 102.612679	-42.610 -4.623 27.823
weapon_ttt_aug	1716.995850 1843.312012 50.003326	-5.953 -2.004 -74.537
weapon_zm_pistol	728.671814 2382.774170 1.536700	1.251 -84.965 -88.100
weapon_zm_pistol	727.555725 2347.563232 1.563400	0.869 -90.044 -88.884
weapon_zm_pistol	728.495789 2325.762207 1.505700	-0.598 -91.968 -91.918
weapon_zm_pistol	-803.714172 2455.980957 -74.618698	-1.162 -43.064 -95.093
weapon_zm_pistol	-841.240784 2431.482910 -29.340300	0.534 36.674 88.960
weapon_zm_pistol	-801.439270 2469.791016 -75.469803	-0.501 -42.225 -93.748
weapon_zm_pistol	-1283.629272 -275.036987 129.805298	0.743 84.714 90.412
weapon_zm_pistol	-711.411987 -658.818115 143.615204	10.883 -99.725 -91.880
weapon_zm_pistol	-653.465881 -657.168091 145.081299	9.113 -93.114 -93.473
weapon_zm_pistol	-680.670593 -666.755920 142.917099	6.845 -64.830 -85.132
weapon_zm_pistol	-279.524780 1487.002563 -124.588913	2.358 14.174 85.251
weapon_ttt_ak47	827.644836 806.292419 47.355755	-4.921 1.312 81.426
weapon_ttt_m16	-1547.999878 673.610779 57.507599	13.606 1.301 86.442
weapon_ttt_m16	415.729614 1780.747437 8.109900	-63.498 72.148 90.489
weapon_ttt_m16	1382.808960 3059.884277 142.619293	-64.661 87.479 85.087
weapon_ttt_m16	-180.049606 2031.903320 -118.141403	-0.156 13.049 78.995
weapon_ttt_m16	-1592.953491 1274.932373 33.208248	1.544 -12.527 82.857
weapon_ttt_confgrenade	1651.072876 994.601929 67.517700	1.569 0.149 -0.401
weapon_ttt_confgrenade	1659.293457 994.231628 67.505203	1.718 0.158 -0.439
weapon_ttt_confgrenade	-268.349609 2275.026367 -120.246742	-40.463 74.946 -99.240
weapon_ttt_confgrenade	-254.120361 2279.442627 -119.969536	-25.182 -0.597 -107.139
weapon_ttt_confgrenade	-1277.552979 2310.978271 4.084321	-35.169 -6.721 107.468
weapon_zm_shotgun	-2161.221191 -835.613586 131.162704	0.302 90.691 84.132
weapon_zm_shotgun	732.993103 1208.983276 2.247900	0.143 2.421 -89.169
weapon_zm_shotgun	1046.934204 260.820007 9.396600	-51.563 -168.590 -91.671
weapon_zm_shotgun	-605.494080 604.863586 20.104799	0.929 7.526 98.331
weapon_zm_shotgun	-230.212708 1496.919434 0.983800	-0.277 -5.119 -84.154
weapon_zm_shotgun	152.444199 -3.376100 7.240200	-1.921 -10.729 -87.300
weapon_zm_shotgun	-1708.363159 1620.502808 23.123461	9.070 -1.605 -98.369
weapon_zm_sledge	1215.543213 2463.606201 100.402496	18.519 2.331 2.353
weapon_zm_sledge	-1062.141602 -524.915222 134.487305	21.837 -72.109 5.625
weapon_zm_sledge	-581.209351 1346.357422 -108.329124	-11.770 -0.879 0.688
weapon_zm_sledge	-2089.091064 2503.780273 91.937386	-11.958 -1.246 0.304
weapon_zm_revolver	396.740906 -739.418274 2.579800	3.128 -21.507 -84.134
weapon_zm_revolver	-1196.935425 1446.428467 -110.067398	2.683 -21.384 -83.726
weapon_zm_revolver	-2189.747314 1269.608643 33.930401	2.529 -19.699 -83.961
weapon_zm_revolver	1298.121582 178.873596 -189.316803	2.337 -20.274 -83.251
weapon_zm_revolver	-2032.291260 3130.000244 32.705688	1.809 47.323 87.809
weapon_zm_revolver	1748.561157 364.227814 65.822556	0.905 -141.157 -89.744
weapon_zm_revolver	-1026.459961 -526.524109 168.045883	-21.420 4.133 -103.817
weapon_zm_revolver	1584.431763 187.087936 -162.259354	-10.886 36.398 86.115
weapon_ttt_glock	728.124023 2364.690186 1.551600	0.854 -89.360 -88.653
weapon_ttt_glock	-805.034912 2485.836914 -76.212196	2.222 -43.080 -101.297
weapon_ttt_glock	-802.930115 2499.427002 -77.507500	11.385 -53.667 -88.067
weapon_ttt_glock	-1254.707031 -273.030212 129.375107	0.598 88.534 91.967
weapon_ttt_glock	-1626.729126 1631.757935 12.702500	-9.155 -36.312 -101.880
weapon_ttt_glock	-1834.308228 530.391296 67.535049	-0.247 30.205 91.546
weapon_ttt_glock	-1892.755371 527.745544 67.427444	-0.546 28.710 90.439
weapon_ttt_dualelite	-1715.833008 2863.793213 19.717022	1.852 2.925 13.424
weapon_ttt_dualelite	-1773.885498 1798.283081 9.554721	9.443 -0.555 0.351
