# Exported by: [CM] Badger
# For map: de_inferno
# Trouble in Terrorist Town weapon/ammo placement overrides
item_ammo_357_ttt	1014.427612 2929.892334 128.368896	0.467 0.059 0.037
item_ammo_357_ttt	1045.022705 2906.813721 128.410507	0.472 0.056 0.022
item_ammo_357_ttt	1046.881226 2927.495361 128.328796	0.463 0.070 0.051
item_ammo_357_ttt	1099.193726 -254.478500 256.371490	0.459 0.059 0.039
item_ammo_357_ttt	1122.676880 -229.528397 256.344513	0.454 0.064 0.049
item_ammo_357_ttt	1129.240723 -261.278900 256.321686	0.449 0.070 0.058
item_ammo_357_ttt	158.909302 204.074997 182.438004	0.471 0.055 0.013
item_ammo_357_ttt	191.131805 206.674103 182.342606	0.453 0.064 0.050
item_ammo_357_ttt	1977.264282 -195.906906 256.307587	0.446 0.080 0.065
item_ammo_357_ttt	1988.867554 -177.562897 256.401489	0.464 0.055 0.027
item_ammo_357_ttt	2023.719116 -189.795807 256.377289	0.459 0.056 0.037
item_ammo_357_ttt	2049.308350 -172.484100 256.358795	0.456 0.060 0.044
item_ammo_357_ttt	2145.242676 1937.676636 160.852707	1.315 0.817 -0.867
item_ammo_357_ttt	2158.319580 1937.812134 160.923279	0.988 -0.207 -1.980
item_ammo_357_ttt	230.074203 212.744904 182.397293	0.464 0.057 0.029
item_ammo_357_ttt	2563.053467 545.867310 212.443695	0.780 0.484 0.028
item_ammo_357_ttt	2582.665283 547.131287 212.336594	0.451 0.065 0.053
item_ammo_pistol_ttt	-103.861946 194.161255 182.364807	-0.117 -0.019 -0.035
item_ammo_pistol_ttt	-104.330017 214.338699 182.441391	-0.660 0.285 -0.587
item_ammo_pistol_ttt	-114.955803 682.927795 64.368797	-0.114 -0.019 -0.034
item_ammo_pistol_ttt	-144.925293 679.815979 64.372704	-0.110 -0.019 -0.033
item_ammo_pistol_ttt	-1682.394165 136.813004 -63.685200	-0.161 -0.017 -0.049
item_ammo_pistol_ttt	-1696.878174 169.005905 -63.561401	-0.053 -0.020 -0.016
item_ammo_pistol_ttt	-1726.742676 173.623993 -63.633202	-0.115 -0.019 -0.035
item_ammo_pistol_ttt	-1752.856812 175.704895 -63.657001	-0.136 -0.019 -0.041
item_ammo_pistol_ttt	-177.446198 674.274475 64.376404	-0.107 -0.019 -0.032
item_ammo_pistol_ttt	-1783.143188 177.188202 -63.645699	-0.126 -0.019 -0.038
item_ammo_pistol_ttt	-182.433594 612.407410 64.381798	-0.102 -0.020 -0.031
item_ammo_pistol_ttt	-185.634903 715.983521 64.354301	-0.126 -0.019 -0.038
item_ammo_pistol_ttt	-313.136475 377.857178 183.164124	-3.218 0.052 4.050
item_ammo_pistol_ttt	-319.747345 368.601379 182.470215	-0.162 0.108 -0.237
item_ammo_pistol_ttt	-333.797638 390.353210 182.462204	0.533 -0.275 -0.065
item_ammo_pistol_ttt	-475.560242 866.069519 37.157955	0.642 0.587 -0.096
item_ammo_pistol_ttt	-475.645508 -324.621796 192.366806	-0.115 -0.019 -0.035
item_ammo_pistol_ttt	-477.257385 884.349854 37.106567	-0.049 0.014 -0.004
item_ammo_pistol_ttt	-497.065704 -323.529602 192.441299	-0.050 -0.020 -0.015
item_ammo_pistol_ttt	-519.276978 -328.619904 192.427704	-0.062 -0.020 -0.019
item_ammo_pistol_ttt	-545.105103 -330.993896 192.401199	-0.085 -0.020 -0.026
item_ammo_pistol_ttt	-564.062073 -333.056305 192.386993	-0.098 -0.020 -0.030
item_ammo_pistol_ttt	-752.591675 697.827576 -31.618200	-0.102 -0.020 -0.031
item_ammo_pistol_ttt	-759.117188 635.985901 -31.553801	-0.046 -0.020 -0.014
item_ammo_pistol_ttt	-759.564209 663.775574 -31.578300	-0.053 -0.029 -0.028
item_ammo_pistol_ttt	-789.395325 636.237183 -10.782800	-1.322 0.135 -0.030
item_ammo_pistol_ttt	-790.483521 697.189819 -10.762600	-1.558 -0.012 -0.019
item_ammo_pistol_ttt	-889.625305 148.238998 16.842600	-0.063 -0.020 -0.016
item_ammo_pistol_ttt	-893.583313 170.379395 16.814501	-0.156 -0.025 -0.056
item_ammo_pistol_ttt	-897.098816 107.790199 16.784000	-0.113 -0.020 -0.029
item_ammo_pistol_ttt	-900.070374 82.838997 16.762501	-0.131 -0.019 -0.033
item_ammo_pistol_ttt	1025.427246 50.749500 256.437714	-0.053 -0.020 -0.016
item_ammo_pistol_ttt	1037.521484 53.724201 256.380096	-0.104 -0.020 -0.031
item_ammo_pistol_ttt	1047.950317 50.897099 256.417389	-0.071 -0.020 -0.022
item_ammo_pistol_ttt	1062.708740 50.568699 256.424408	-0.065 -0.020 -0.020
item_ammo_pistol_ttt	1064.879028 280.634064 129.245529	-0.877 -0.385 -5.253
item_ammo_pistol_ttt	1080.171021 280.367035 128.395294	0.021 0.031 0.003
item_ammo_pistol_ttt	1124.128418 3269.997559 128.404099	-0.083 -0.020 -0.025
item_ammo_pistol_ttt	1124.816406 3243.393066 128.374603	-0.109 -0.019 -0.033
item_ammo_pistol_ttt	1140.361084 3261.910156 128.362793	-0.119 -0.019 -0.036
item_ammo_pistol_ttt	1140.942261 3230.201416 128.360703	-0.121 -0.019 -0.037
item_ammo_pistol_ttt	1152.533203 3275.833252 128.328201	-0.149 -0.018 -0.045
item_ammo_pistol_ttt	1153.817993 3249.032471 128.388702	-0.096 -0.020 -0.029
item_ammo_pistol_ttt	1278.417358 1227.542847 166.196716	1.563 -0.387 3.112
item_ammo_pistol_ttt	1279.455200 1208.936890 165.094788	3.982 -0.270 3.112
item_ammo_pistol_ttt	1324.660522 2937.896484 219.317688	-0.910 0.158 4.816
item_ammo_pistol_ttt	1334.077637 2936.189453 219.431305	-0.897 0.231 4.869
item_ammo_pistol_ttt	1732.398804 2293.046631 140.356476	-0.124 -0.019 -0.038
item_ammo_pistol_ttt	1745.374878 2296.328125 140.340607	-0.138 -0.019 -0.042
item_ammo_pistol_ttt	1812.184692 1001.228821 156.852997	-0.120 -0.704 -8.865
item_ammo_pistol_ttt	1819.943726 1001.543823 156.846970	-0.664 -2.995 -8.877
item_ammo_pistol_ttt	2056.968262 467.317291 160.333298	-0.145 -0.018 -0.044
item_ammo_pistol_ttt	2059.500977 438.507507 160.381897	-0.102 -0.020 -0.031
item_ammo_pistol_ttt	2068.292725 408.865112 160.410995	-0.077 -0.020 -0.023
item_ammo_pistol_ttt	2083.036865 482.082306 160.412292	-0.075 -0.020 -0.023
item_ammo_pistol_ttt	2089.205078 437.465515 160.333298	-0.145 -0.018 -0.044
item_ammo_pistol_ttt	2189.066162 2861.429199 152.376404	-0.107 -0.019 -0.032
item_ammo_pistol_ttt	2190.980469 2822.795898 152.378296	-0.105 -0.020 -0.032
item_ammo_pistol_ttt	2213.416260 2826.075195 152.433899	-0.057 -0.020 -0.017
item_ammo_pistol_ttt	2218.194092 2790.549316 152.322998	-0.154 -0.018 -0.047
item_ammo_pistol_ttt	2239.067383 2823.767090 152.381897	-0.102 -0.020 -0.031
item_ammo_pistol_ttt	241.958694 731.456177 45.120399	1.061 -2.045 19.960
item_ammo_pistol_ttt	2472.047363 83.369003 212.374603	-0.108 -0.019 -0.033
item_ammo_pistol_ttt	2472.848145 48.953899 212.378296	-0.105 -0.020 -0.032
item_ammo_pistol_ttt	248.068100 700.345093 39.180500	0.224 0.904 10.514
item_ammo_pistol_ttt	2486.561523 115.914497 212.406906	0.080 0.020 -0.024
item_ammo_pistol_ttt	2495.182129 77.315697 212.433899	0.057 0.020 -0.017
item_ammo_pistol_ttt	2499.084961 42.463299 212.362793	-0.119 -0.019 -0.036
item_ammo_pistol_ttt	2513.663086 102.185799 212.328201	-0.149 -0.018 -0.045
item_ammo_pistol_ttt	261.619110 729.719910 43.995998	5.026 4.283 18.959
item_ammo_pistol_ttt	2668.060547 1237.941895 160.345306	-0.134 -0.019 -0.041
item_ammo_pistol_ttt	2669.874512 1131.451782 160.345306	-0.134 -0.019 -0.041
item_ammo_pistol_ttt	2670.766113 1695.134399 160.330750	-0.147 -0.018 -0.044
item_ammo_pistol_ttt	2674.719727 1169.210083 160.340607	-0.138 -0.019 -0.042
item_ammo_pistol_ttt	2677.690186 1202.723389 160.380096	-0.104 -0.020 -0.031
item_ammo_pistol_ttt	2677.775635 1718.204224 160.446579	-0.552 0.529 -0.510
item_ammo_pistol_ttt	2677.839844 1673.721069 160.440399	-0.051 -0.020 -0.015
item_ammo_pistol_ttt	2682.704590 1270.903687 177.224503	-0.318 -0.002 -0.069
item_ammo_pistol_ttt	2685.523438 1106.990356 177.248505	-0.091 -0.021 -0.017
item_ammo_pistol_ttt	2685.819580 1685.242310 160.432526	-0.487 0.119 -0.570
item_ammo_pistol_ttt	275.240906 684.330627 31.596300	8.330 0.134 12.097
item_ammo_pistol_ttt	276.094696 648.680115 25.313499	7.240 -0.511 7.712
item_ammo_pistol_ttt	281.115601 713.439087 40.795918	2.474 3.594 19.584
item_ammo_pistol_ttt	367.477753 463.365631 82.108200	-6.013 0.717 5.352
item_ammo_pistol_ttt	375.169861 463.011414 82.265984	-0.618 0.828 6.738
item_ammo_pistol_ttt	387.803497 3559.177734 160.368805	-0.114 -0.020 -0.034
item_ammo_pistol_ttt	402.308899 3575.191162 160.362793	-0.119 -0.019 -0.036
item_ammo_pistol_ttt	417.268585 3544.013916 160.333298	-0.145 -0.018 -0.044
item_ammo_pistol_ttt	421.298706 3584.426025 160.376404	-0.107 -0.020 -0.032
item_ammo_pistol_ttt	447.386200 3584.844482 160.383606	-0.101 -0.020 -0.030
item_ammo_revolver_ttt	-101.147697 372.974701 198.781998	0.556 -0.085 0.027
item_ammo_revolver_ttt	-135.770096 375.580811 219.367493	0.479 0.045 -0.033
item_ammo_revolver_ttt	-146.294006 356.188904 219.332993	0.408 0.013 0.011
item_ammo_revolver_ttt	-158.451904 378.891693 219.395401	0.549 -1.284 0.009
item_ammo_revolver_ttt	-16.746225 436.628418 64.351860	0.455 0.062 0.047
item_ammo_revolver_ttt	-1603.451050 915.736389 2.324500	0.463 0.070 0.053
item_ammo_revolver_ttt	-1644.155762 915.893677 2.374800	0.468 0.059 0.035
item_ammo_revolver_ttt	-1711.011841 916.367615 2.400800	0.471 0.056 0.025
item_ammo_revolver_ttt	-1738.577148 917.052185 2.315400	0.462 0.075 0.056
item_ammo_revolver_ttt	-21.361139 424.724976 64.368469	0.458 0.059 0.040
item_ammo_revolver_ttt	-91.709534 1327.024170 106.330368	0.450 0.068 0.056
item_ammo_revolver_ttt	-98.304642 1326.204834 106.439713	0.996 -0.026 -0.798
item_ammo_revolver_ttt	1118.756104 2971.005371 127.926765	0.292 -0.231 0.855
item_ammo_revolver_ttt	1122.381592 2982.518311 129.980621	2.025 -2.519 11.059
item_ammo_revolver_ttt	1123.897217 3001.724121 129.711868	9.676 -5.487 -10.873
item_ammo_revolver_ttt	1132.919312 2993.941895 128.242371	0.424 0.011 0.794
item_ammo_revolver_ttt	2219.512207 2145.332764 160.330399	0.450 0.068 0.056
item_ammo_revolver_ttt	2222.983643 2118.889648 160.326096	0.449 0.068 0.058
item_ammo_revolver_ttt	2242.991455 2145.017822 160.373001	0.459 0.057 0.039
item_ammo_revolver_ttt	2249.447510 2120.902588 160.363693	0.457 0.058 0.043
item_ammo_revolver_ttt	2609.247803 -416.028687 96.768997	0.445 0.056 0.043
item_ammo_revolver_ttt	2609.317383 -397.067291 96.775902	0.447 0.056 0.041
item_ammo_revolver_ttt	2610.910645 -360.244507 96.767197	0.444 0.058 0.044
item_ammo_revolver_ttt	2611.317139 -377.718811 96.799797	0.454 0.052 0.032
item_ammo_revolver_ttt	329.170288 2477.298584 160.392700	0.462 0.055 0.031
item_ammo_revolver_ttt	357.221985 2448.114990 160.328201	0.449 0.068 0.057
item_ammo_revolver_ttt	370.489502 2494.898438 160.430405	0.470 0.053 0.016
item_ammo_revolver_ttt	378.279602 2459.640625 160.330399	0.450 0.068 0.056
item_ammo_revolver_ttt	884.383972 166.643097 207.313507	-8.205 0.179 -0.041
item_ammo_revolver_ttt	888.701721 110.242699 207.955002	-5.647 -0.229 0.010
item_ammo_revolver_ttt	904.463684 130.464600 210.147598	-8.571 0.711 -0.227
item_ammo_revolver_ttt	927.327881 112.083199 211.926498	-5.903 -0.216 -0.019
item_ammo_smg1_ttt	-895.708374 -339.368805 16.939100	0.229 0.011 0.204
item_ammo_smg1_ttt	-896.353027 -419.460205 16.941099	0.186 0.019 0.157
item_ammo_smg1_ttt	-899.381226 -392.624115 16.826900	-0.599 -0.003 -0.350
item_ammo_smg1_ttt	1045.523438 -539.661316 256.411194	0.267 -0.005 0.167
item_ammo_smg1_ttt	111.147202 3118.235840 160.526199	-0.196 0.016 -0.171
item_ammo_smg1_ttt	1115.879517 348.096069 128.475388	0.562 -0.014 0.253
item_ammo_smg1_ttt	1120.802612 320.055817 128.396790	0.136 -0.005 0.079
item_ammo_smg1_ttt	1814.308105 691.614624 160.396805	0.136 0.005 -0.079
item_ammo_smg1_ttt	1825.155273 2245.703369 162.481598	0.183 0.557 8.287
item_ammo_smg1_ttt	1827.010132 626.596924 160.505295	-0.595 0.010 -0.456
item_ammo_smg1_ttt	1848.469971 2245.698975 162.449402	0.242 0.561 8.325
item_ammo_smg1_ttt	1858.348755 689.176880 160.527802	-0.191 0.016 -0.166
item_ammo_smg1_ttt	1868.662720 2248.434326 162.787399	-0.006 0.278 10.310
item_ammo_smg1_ttt	2107.407471 181.011444 160.524261	-0.106 0.632 -0.012
item_ammo_smg1_ttt	2166.410400 195.992462 160.543900	0.375 0.358 0.382
item_ammo_smg1_ttt	26.480900 3120.303223 160.420197	0.421 -0.004 0.271
item_ammo_smg1_ttt	2653.334717 -256.431335 80.463554	0.331 -0.875 -0.109
item_ammo_smg1_ttt	2673.780518 -255.010269 80.538017	0.125 -0.548 0.089
item_ammo_smg1_ttt	2688.007813 1649.770996 160.510803	-0.326 0.011 -0.275
item_ammo_smg1_ttt	2709.442139 1637.888672 160.450531	-0.028 -0.142 -0.042
item_ammo_smg1_ttt	371.062225 688.450378 89.575508	-0.120 -1.630 7.232
item_ammo_smg1_ttt	377.357391 707.844360 89.545845	2.205 -1.385 5.786
item_ammo_smg1_ttt	58.625999 3127.710938 160.389099	0.098 -0.005 0.053
item_ammo_smg1_ttt	669.295349 2998.022217 133.759537	-4.645 1.648 6.130
item_ammo_smg1_ttt	679.514404 2976.545410 132.203094	-4.976 4.819 5.848
item_ammo_smg1_ttt	991.855530 -546.901672 256.411194	0.266 -0.005 0.167
item_ammo_smg1_ttt	993.203125 -503.269196 256.422302	0.476 -0.004 0.308
item_box_buckshot_ttt	-118.599144 64.270294 182.376572	0.489 0.018 -0.311
item_box_buckshot_ttt	-1623.507568 -69.780602 0.415700	-0.090 -0.123 -0.018
item_box_buckshot_ttt	-1633.406006 -84.332199 0.378700	0.147 0.095 0.005
item_box_buckshot_ttt	-1642.430908 0.933000 0.379500	0.162 0.124 0.466
item_box_buckshot_ttt	-1645.688477 -46.976898 0.396300	0.093 0.111 -0.064
item_box_buckshot_ttt	-95.740417 62.316689 182.379318	0.111 0.003 -0.002
item_box_buckshot_ttt	2359.833984 1394.987183 160.422195	-0.714 -0.006 0.633
item_box_buckshot_ttt	2378.065430 1371.099487 160.375305	0.673 -0.001 -0.460
item_box_buckshot_ttt	2399.419434 1395.227295 160.476593	-0.299 -0.005 0.235
item_box_buckshot_ttt	2427.147461 1399.915771 160.375397	0.671 -0.001 -0.458
item_box_buckshot_ttt	26.907452 -184.224655 72.451508	0.093 -5.193 0.110
item_box_buckshot_ttt	281.873077 3175.979736 160.427414	-0.672 -0.007 0.596
item_box_buckshot_ttt	307.170776 3172.268066 160.373642	0.755 -0.022 -0.525
item_box_buckshot_ttt	31.280001 -208.162399 72.433296	0.710 -0.007 0.585
item_box_buckshot_ttt	524.859070 3027.244385 212.901779	0.793 0.003 -0.642
item_box_buckshot_ttt	53.659721 -185.813278 72.500526	0.137 -1.376 0.048
item_box_buckshot_ttt	532.500305 3028.597412 212.923294	0.756 -0.021 -0.544
item_box_buckshot_ttt	56.376202 -208.465897 72.436996	0.683 0.007 0.586
item_box_buckshot_ttt	764.349426 683.164001 112.806702	-0.944 -0.011 0.827
item_box_buckshot_ttt	775.980774 684.092773 112.841301	-0.670 0.005 0.588
item_box_buckshot_ttt	789.843689 682.668823 112.795998	-0.341 0.001 0.347
item_box_buckshot_ttt	806.768921 682.343018 112.804901	-0.938 -0.012 0.827
setting:	replacespawns 1
ttt_playerspawn	-1490.114502 706.367615 -59.459675	-0.024 0.000 0.023
ttt_playerspawn	-1582.318359 -597.134644 -3.649458	1.078 0.516 -5.559
ttt_playerspawn	-1642.396973 354.340363 -63.488873	-0.035 0.000 0.035
ttt_playerspawn	-1697.281128 603.949219 -59.498699	0.040 0.000 -0.040
ttt_playerspawn	-567.504456 -557.670593 192.492767	-0.039 -0.000 0.039
ttt_playerspawn	-6.708051 1344.339355 106.515213	-0.035 0.000 0.035
ttt_playerspawn	-77.001144 674.188782 64.457832	0.014 -0.000 0.014
ttt_playerspawn	-773.394653 769.056702 -31.513874	-0.043 -0.000 0.043
ttt_playerspawn	-970.773621 -111.235428 0.477816	-0.038 -0.000 0.038
ttt_playerspawn	1388.099487 1201.440674 161.154785	0.973 0.048 -0.145
ttt_playerspawn	1401.919189 -77.665985 128.463684	-0.045 -0.000 0.045
ttt_playerspawn	1633.126953 2553.297607 160.536133	-0.022 0.000 0.022
ttt_playerspawn	1871.019287 315.613037 160.578369	-0.002 -0.024 0.048
ttt_playerspawn	196.995590 -194.118927 72.573952	-0.099 0.137 -0.021
ttt_playerspawn	2217.932129 2742.279785 152.572922	-0.039 -0.231 0.003
ttt_playerspawn	2355.737549 -294.102295 80.571838	-0.012 0.000 0.008
ttt_playerspawn	2511.577637 500.703583 212.479630	-0.032 -0.000 0.032
ttt_playerspawn	2547.580078 1856.032715 128.187576	1.084 -0.077 0.795
ttt_playerspawn	2565.803711 2240.853027 128.075043	1.047 -0.114 0.232
ttt_playerspawn	4.503033 331.853485 182.542053	-0.108 -0.322 -0.000
ttt_playerspawn	534.114685 681.530151 96.564873	-0.120 -0.075 0.009
ttt_playerspawn	675.310059 3190.620361 160.514008	-0.048 0.000 0.015
ttt_playerspawn	80.253838 2529.555420 160.546829	-0.021 0.000 0.021
ttt_playerspawn	85.244446 2814.733643 160.511688	-0.037 -0.000 0.037
ttt_playerspawn	861.000977 -750.319763 95.615929	-4.691 0.718 -0.340
ttt_playerspawn	909.718384 236.081024 92.256783	-6.062 1.934 0.335
ttt_playerspawn	980.974243 -116.058197 256.582336	-0.099 0.144 -0.043
ttt_random_ammo	-1002.843994 236.009689 0.422060	1.568 -0.040 -1.903
ttt_random_ammo	-1002.913574 -450.898987 0.353400	0.055 -0.000 0.007
ttt_random_ammo	-1017.329956 228.817261 0.438333	0.096 -0.023 1.488
ttt_random_ammo	-1507.000488 904.083862 -13.640450	0.063 0.000 0.006
ttt_random_ammo	-1522.902832 904.449585 -13.682537	0.047 0.000 -0.035
ttt_random_ammo	-1583.077759 904.037903 -13.632688	0.084 0.000 0.036
ttt_random_ammo	-1779.491455 138.617081 -39.987614	21.306 -0.723 59.444
ttt_random_ammo	-1786.253296 132.881561 -42.768391	-0.083 -0.021 2.154
ttt_random_ammo	-222.108994 54.998714 182.376175	0.137 0.000 0.104
ttt_random_ammo	-229.820236 70.992111 182.392242	0.725 -0.007 -0.828
ttt_random_ammo	-3.344700 1416.875488 106.352097	-0.053 0.000 0.011
ttt_random_ammo	-308.731537 109.123878 182.465805	-0.290 -0.637 -0.434
ttt_random_ammo	-323.924042 107.188156 182.387955	0.357 0.002 0.379
ttt_random_ammo	-424.101746 681.483582 -31.672110	0.047 -0.000 0.031
ttt_random_ammo	-435.493073 683.400330 -31.662355	0.047 0.000 -0.025
ttt_random_ammo	-448.613495 682.012756 -31.679876	0.047 0.000 -0.034
ttt_random_ammo	-550.872314 847.362122 -31.550900	-1.545 -0.037 1.875
ttt_random_ammo	-575.404175 890.367371 -31.612200	-0.246 -0.001 0.241
ttt_random_ammo	-77.920502 1416.308472 106.357498	0.060 0.000 0.001
ttt_random_ammo	-997.979309 -393.869812 0.335300	0.047 -0.000 0.027
ttt_random_ammo	-999.029907 -359.954803 0.444600	1.114 -0.028 -1.355
ttt_random_ammo	1409.993652 2947.427246 161.693604	2.047 0.989 5.664
ttt_random_ammo	1435.761108 2972.149170 162.497406	2.057 1.016 5.010
ttt_random_ammo	1475.447632 2945.944580 159.144699	2.050 1.005 5.420
ttt_random_ammo	1500.978516 2969.740479 159.886398	2.059 1.017 4.916
ttt_random_ammo	1708.264771 1007.139709 160.317398	0.046 0.000 -0.034
ttt_random_ammo	1738.628052 996.276611 160.351196	0.051 0.000 -0.011
ttt_random_ammo	1750.824097 1362.273926 160.423203	1.596 0.042 1.938
ttt_random_ammo	1999.318726 -176.195007 80.460899	0.761 0.023 0.925
ttt_random_ammo	1999.807739 2243.555420 161.659042	-2.610 11.587 3.030
ttt_random_ammo	2004.872681 2238.974121 161.361450	0.067 0.032 2.613
ttt_random_ammo	2007.265869 -219.947296 80.365402	0.077 0.000 0.026
ttt_random_ammo	2018.671265 2239.378418 161.324188	-0.916 -11.064 2.378
ttt_random_ammo	2040.115112 1618.604980 181.461594	-0.141 0.588 5.637
ttt_random_ammo	2046.973755 -192.995102 80.389099	0.416 0.003 0.450
ttt_random_ammo	2073.193848 1615.773560 181.200806	-0.033 0.148 1.350
ttt_random_ammo	2084.549316 -246.988693 80.339996	0.047 0.000 -0.023
ttt_random_ammo	2087.081787 -308.978302 256.425598	1.465 0.034 1.771
ttt_random_ammo	2099.296631 -383.854309 80.367302	0.083 0.000 0.035
ttt_random_ammo	2107.279053 -298.918213 80.339996	0.047 0.000 -0.023
ttt_random_ammo	2111.267334 1618.767212 181.494400	-0.086 0.359 5.791
ttt_random_ammo	2141.593750 690.059204 160.356400	-0.057 -0.000 -0.003
ttt_random_ammo	2143.840088 657.135071 160.433105	1.278 -0.031 -1.545
ttt_random_ammo	2240.795898 2853.096436 152.370972	0.100 0.000 0.057
ttt_random_ammo	2253.301758 2861.334229 152.443268	-0.421 -0.566 -0.371
ttt_random_ammo	231.175705 2690.719238 196.380997	0.183 0.001 0.165
ttt_random_ammo	2462.501465 2583.665039 141.387100	0.547 0.510 6.447
ttt_random_ammo	2469.840332 2538.019043 134.832993	0.550 0.489 6.358
ttt_random_ammo	2484.046387 547.921387 212.467804	-0.834 -0.024 1.006
ttt_random_ammo	2505.011475 2461.429688 130.671906	-5.151 0.702 1.580
ttt_random_ammo	275.961212 2643.358398 196.391403	0.511 0.004 0.569
ttt_random_ammo	303.978943 1507.024170 104.337631	0.047 0.000 -0.025
ttt_random_ammo	307.562866 1513.879883 104.439110	1.165 0.029 1.406
ttt_random_ammo	405.019897 2041.177124 191.236206	3.824 -0.213 4.871
ttt_random_ammo	442.844696 2858.699951 196.372696	0.104 0.000 0.065
ttt_random_ammo	444.263397 2681.179443 196.359497	0.060 0.000 0.005
ttt_random_ammo	470.894104 2098.016846 128.264893	1.796 0.704 2.526
ttt_random_ammo	526.789001 3085.787354 265.178589	-0.046 -0.000 -0.017
ttt_random_ammo	630.989929 3235.111572 160.391296	0.535 0.004 0.597
ttt_random_ammo	637.455383 3271.184814 160.311996	0.048 0.000 -0.037
ttt_random_ammo	646.721191 3090.551270 160.393402	0.931 -0.011 -1.079
ttt_random_ammo	651.389526 3153.626953 160.351196	0.052 0.000 -0.011
ttt_random_ammo	671.696899 3239.920898 160.389099	0.414 0.003 0.448
ttt_random_ammo	709.447021 3146.780029 160.367294	0.083 -0.000 -0.035
ttt_random_ammo	731.782410 3267.385254 160.449402	0.995 0.026 1.207
ttt_random_ammo	77.074028 1498.280884 169.195633	-0.204 -116.259 10.234
ttt_random_ammo	79.745064 1503.623657 169.211670	-4.247 -28.586 -0.359
ttt_random_ammo	815.441223 1902.472900 130.491196	-2.037 0.083 0.785
ttt_random_ammo	824.908325 -689.434387 92.407303	-4.035 -0.054 -0.285
ttt_random_ammo	848.748108 -605.318726 94.203102	-8.562 -0.778 -0.901
ttt_random_ammo	862.446472 1889.224854 133.066498	-5.311 0.521 0.679
ttt_random_ammo	868.602783 2378.568604 144.342300	0.048 -0.000 0.021
ttt_random_ammo	870.223511 2355.084229 144.325302	0.046 -0.000 0.032
ttt_random_ammo	891.832397 -668.254089 99.406898	-8.285 0.615 0.561
ttt_random_weapon	-1000.798645 204.330475 1.200184	1.598 99.071 -92.916
ttt_random_weapon	-1551.485107 898.391968 -12.761342	1.438 4.665 -93.597
ttt_random_weapon	-1756.459229 139.504700 -40.891350	-0.688 -5.300 91.353
ttt_random_weapon	-208.606552 76.591736 183.231827	1.516 4.979 -93.420
ttt_random_weapon	-331.236145 94.443123 183.228348	1.555 4.758 -93.330
ttt_random_weapon	-435.412018 693.978333 -30.800081	1.876 4.716 -92.595
ttt_random_weapon	1443.728516 2944.629150 161.538345	0.862 -9.502 88.727
ttt_random_weapon	2033.320435 2246.221680 163.299316	-0.509 -4.137 92.954
ttt_random_weapon	2227.105469 2858.890137 153.235962	1.469 4.908 -93.527
ttt_random_weapon	2239.195068 2871.135498 153.213364	1.725 4.747 -92.942
ttt_random_weapon	300.723572 1519.812988 105.201675	1.856 4.645 -92.640
ttt_random_weapon	44.795033 -193.417953 73.732536	-1.857 -10.287 84.962
ttt_random_weapon	587.736755 2551.356689 199.196106	1.919 4.783 -92.496
ttt_random_weapon	616.073914 3145.912598 161.226959	1.571 4.228 -93.294
ttt_random_weapon	617.298157 3290.987305 161.244263	1.206 -0.996 -94.773
ttt_random_weapon	84.404404 1491.597168 172.615646	10.628 6.194 -108.144
weapon_ttt_confgrenade	-1424.707764 643.110596 -5.843000	0.580 0.778 -6.901
weapon_ttt_confgrenade	-1628.910767 684.240723 -45.980900	-0.389 0.205 -1.040
weapon_ttt_confgrenade	-1782.454224 134.802872 -42.065323	11.825 5.386 57.834
weapon_ttt_confgrenade	-608.597900 -602.784912 235.776199	0.223 0.027 0.829
weapon_ttt_confgrenade	-81.741203 438.178101 108.203598	1.113 -0.080 -0.317
weapon_ttt_confgrenade	-853.967896 126.863998 57.788700	-0.422 -0.085 0.089
weapon_ttt_confgrenade	1086.474121 318.271912 131.514694	2.132 -0.238 0.636
weapon_ttt_confgrenade	110.172897 16.499500 206.362000	-3.140 4.129 0.002
weapon_ttt_confgrenade	1873.688232 314.712189 228.561203	-15.618 56.617 -86.529
weapon_ttt_confgrenade	1981.727051 258.430511 162.087601	-53.237 -75.244 -101.987
weapon_ttt_confgrenade	2060.898926 258.156403 232.266602	1.302 0.241 -0.411
weapon_ttt_confgrenade	2566.775146 544.141113 214.101486	-37.878 56.008 90.166
weapon_ttt_confgrenade	2654.184814 -228.499893 83.491501	0.478 -0.732 -1.557
weapon_ttt_glock	-114.798393 205.307007 181.986801	1.934 0.149 -0.061
weapon_ttt_glock	-315.110168 391.179230 182.105713	4.218 2.983 0.321
weapon_ttt_glock	-495.646301 876.751770 37.812103	-0.744 25.618 91.447
weapon_ttt_glock	-791.424194 670.880005 -9.936400	-8.940 -37.767 -89.719
weapon_ttt_glock	1070.448853 271.636353 128.113602	0.690 0.039 -1.981
weapon_ttt_glock	1450.899048 2954.215576 160.469604	-0.782 33.869 93.050
weapon_ttt_glock	1827.581543 1003.458557 157.158585	-6.454 -38.348 -98.956
weapon_ttt_glock	252.484299 1200.789307 96.399300	1.254 165.510 89.397
weapon_ttt_glock	444.595215 3545.407959 160.352600	0.594 36.684 88.861
weapon_ttt_m16	-166.011398 646.283630 65.148300	2.152 -8.342 84.182
weapon_ttt_m16	-505.158813 -347.952789 193.159195	2.037 -7.934 84.294
weapon_ttt_m16	1106.522339 371.751495 128.814728	-1.495 19.160 87.191
weapon_ttt_m16	1337.142944 1191.472290 163.635696	-10.624 144.633 46.323
weapon_ttt_m16	2525.010742 48.436501 213.170807	2.164 -8.226 84.387
weapon_ttt_m16	364.529205 722.568237 88.679977	1.078 0.152 87.302
weapon_ttt_m16	389.643585 468.467407 81.956955	-1.143 12.535 -88.329
weapon_ttt_smokegrenade	1123.991577 -125.383202 276.600494	3.355 -0.122 -3.512
weapon_ttt_smokegrenade	1318.009155 1225.460327 165.079498	38.688 -160.911 -93.865
weapon_ttt_smokegrenade	1587.513794 1821.774170 164.605103	2.241 -0.127 -2.325
weapon_ttt_smokegrenade	2212.161377 -415.809387 101.752899	5.425 1.378 -109.779
weapon_ttt_smokegrenade	2241.418701 2052.560791 164.562805	3.433 -0.131 -3.555
weapon_ttt_smokegrenade	2484.101563 940.697815 164.615295	1.965 -0.119 -2.039
weapon_ttt_smokegrenade	2613.894531 1397.267334 232.543900	2.444 -0.006 -2.278
weapon_ttt_smokegrenade	288.932404 361.063812 26.373400	-6.695 0.078 -2.895
weapon_ttt_smokegrenade	96.240700 15.574800 207.406601	-0.004 -9.301 0.011
weapon_zm_mac10	-901.089600 -364.819092 17.309401	-0.380 -78.904 87.565
weapon_zm_mac10	1013.649719 -515.664673 257.249786	-0.113 -44.429 -88.653
weapon_zm_mac10	1847.769409 663.291321 161.268204	-0.034 -37.538 -88.535
weapon_zm_mac10	1851.574951 2298.483887 141.250397	-0.323 -37.709 -88.553
weapon_zm_mac10	2142.121582 181.388672 160.542740	0.188 9.613 87.057
weapon_zm_mac10	2671.912842 -234.244339 81.306473	0.090 4.638 92.855
weapon_zm_mac10	2704.655762 1615.456665 161.297684	0.683 -2.223 -87.919
weapon_zm_mac10	655.511475 2993.802002 132.923981	1.772 -18.121 92.236
weapon_zm_mac10	68.291397 3054.902588 161.284103	-0.096 -35.710 -88.695
weapon_zm_molotov	-1040.490112 -710.818604 23.413200	72.066 -133.069 129.748
weapon_zm_molotov	-1579.050659 703.934814 -44.898899	0.652 0.004 -0.148
weapon_zm_molotov	-1624.904053 -185.274460 4.892250	0.392 -4.954 -3.807
weapon_zm_molotov	-1804.937012 372.633392 -59.107159	0.327 -5.743 -3.695
weapon_zm_molotov	-333.286407 152.095993 204.987701	2.398 -0.118 -2.499
weapon_zm_molotov	-519.839111 -50.609013 0.228819	86.357 39.094 152.209
weapon_zm_molotov	-554.575317 894.594360 -27.226959	-0.003 0.000 -0.002
weapon_zm_molotov	-710.046936 -710.237305 23.924259	68.168 -144.179 127.828
weapon_zm_molotov	1026.819946 3413.012451 132.543701	0.232 -0.195 -0.046
weapon_zm_molotov	1123.419434 -521.699524 278.821289	0.007 -0.027 1.788
weapon_zm_molotov	1956.122314 2632.259521 166.508804	0.288 0.002 0.034
weapon_zm_molotov	2075.020508 289.372803 199.290894	0.425 0.004 -0.126
weapon_zm_molotov	2335.134033 1370.617188 204.874893	2.531 -0.066 -0.276
weapon_zm_molotov	2371.286377 -435.349487 105.414398	-1.795 1.242 2.204
weapon_zm_molotov	285.315887 722.152344 47.922806	-2.798 -9.399 8.919
weapon_zm_molotov	341.735992 2691.240723 168.564896	1.081 0.003 -0.966
weapon_zm_molotov	362.404999 2844.591309 168.553604	0.495 0.003 -0.305
weapon_zm_molotov	431.111511 475.776611 133.946304	-6.177 -1.440 -7.170
weapon_zm_molotov	480.528412 2741.359375 187.817093	51.326 -138.606 -74.727
weapon_zm_molotov	78.086601 11.154100 207.348907	0.032 -2.773 -4.220
weapon_zm_molotov	83.410698 171.369614 186.785980	-0.010 0.000 -0.005
weapon_zm_pistol	-1750.772217 135.744324 -38.424664	-0.452 -178.536 -131.745
weapon_zm_pistol	-895.209473 125.598602 16.783501	0.155 35.976 90.692
weapon_zm_pistol	1075.576538 38.185101 256.297607	0.015 35.150 88.124
weapon_zm_pistol	1172.827148 3218.875244 128.264496	-0.503 35.367 88.876
weapon_zm_pistol	1331.151245 2962.049072 222.110626	-3.188 32.503 94.271
weapon_zm_pistol	1736.704956 2274.677246 140.896942	0.962 -37.218 -89.145
weapon_zm_pistol	2108.497803 428.530914 160.321503	-0.082 35.987 88.835
weapon_zm_pistol	214.354202 719.139221 40.542198	-9.716 42.132 102.509
weapon_zm_pistol	2224.336182 2849.795410 152.301300	-0.109 36.003 88.498
weapon_zm_pistol	2655.621826 1709.507568 160.910477	0.603 -37.237 -89.154
weapon_zm_pistol	2675.298340 1702.042236 160.939270	0.372 -37.201 -89.402
weapon_zm_pistol	2704.143799 1183.410522 200.403900	0.127 35.212 87.860
weapon_zm_revolver	-105.869209 1314.257080 106.856987	2.072 -23.621 -84.568
weapon_zm_revolver	-12.203630 427.271393 64.834358	2.515 -35.200 -84.138
weapon_zm_revolver	-1675.870239 898.885071 -12.061700	2.112 -24.286 -85.601
weapon_zm_revolver	1115.489380 2996.648926 129.285782	2.439 -23.983 -90.515
weapon_zm_revolver	1116.208862 2980.155762 128.638321	2.536 -22.107 -85.255
weapon_zm_revolver	2212.636719 2082.810303 161.902496	2.454 -20.350 -83.514
weapon_zm_revolver	2613.684814 -337.691315 98.340500	2.959 -39.493 -83.039
weapon_zm_revolver	321.820007 2453.182373 161.945694	2.672 -20.138 -84.020
weapon_zm_revolver	90.322899 181.742905 183.921997	2.527 -20.545 -83.806
weapon_zm_revolver	910.197083 157.591995 212.501495	-5.237 -23.304 -82.437
weapon_zm_rifle	1012.420227 -259.962097 257.305115	3.354 10.898 64.947
weapon_zm_rifle	190.052994 184.091995 183.337601	3.307 11.765 65.131
weapon_zm_rifle	1999.575562 -223.695404 257.357697	3.280 13.178 65.089
weapon_zm_rifle	2145.108643 1930.849609 160.305130	-0.455 9.241 88.367
weapon_zm_rifle	2563.510498 566.142639 212.601913	0.730 9.341 84.525
weapon_zm_rifle	414.783234 -223.939301 226.877304	-1.491 -8.817 -99.896
weapon_zm_rifle	985.098083 2883.118896 129.328094	3.333 11.496 64.697
weapon_zm_shotgun	-104.596367 40.567059 183.499329	-0.499 -10.277 -89.966
weapon_zm_shotgun	-1632.015991 -41.154400 1.024400	-0.291 -9.060 -83.917
weapon_zm_shotgun	2406.757080 1369.504883 161.249100	-0.623 3.263 84.512
weapon_zm_shotgun	281.498383 3130.411621 161.441223	-0.492 -7.513 -88.911
weapon_zm_shotgun	527.927246 3045.504150 213.521515	2.768 -10.017 -76.904
weapon_zm_shotgun	67.094269 -184.908051 69.907951	9.174 -38.133 19.144
weapon_zm_shotgun	719.380188 680.698914 113.683502	-0.421 19.047 84.167
weapon_zm_sledge	-1806.221313 487.875305 -43.204601	18.261 -90.976 2.552
weapon_zm_sledge	2520.174561 2575.132568 141.375397	4.199 22.382 97.419
