# Trouble in Terrorist Town weapon/ammo placement overrides
# For map: de_port
# Exported by: [CM] Badger
setting:	replacespawns 1
ttt_playerspawn	-1822.562744 -798.217163 512.494202	0.037 0.000 -0.037
ttt_playerspawn	-1817.954346 -947.733337 512.539612	0.018 -0.000 -0.019
ttt_playerspawn	-1782.036133 -1107.611938 512.554749	-0.015 -0.000 0.014
ttt_playerspawn	-1993.951050 -1040.437500 512.501038	0.037 -0.000 -0.037
ttt_playerspawn	-2009.828003 -871.918030 512.484436	0.037 -0.000 -0.037
ttt_playerspawn	-1870.526367 -612.788086 512.506653	0.027 -0.000 -0.027
ttt_playerspawn	-1955.840210 -734.727783 512.499512	0.034 0.000 -0.034
ttt_playerspawn	-2030.046021 -601.737488 512.560242	0.014 0.000 -0.014
ttt_playerspawn	-2095.817383 -739.333374 512.527527	0.005 -0.000 -0.030
ttt_playerspawn	-2096.845947 -956.297119 512.523010	-0.025 0.000 0.025
ttt_playerspawn	-2206.094482 -825.822693 512.517517	0.031 0.000 -0.031
ttt_playerspawn	-2183.686768 -586.889587 512.522339	-0.029 -0.000 0.029
ttt_playerspawn	-2330.468018 -705.275513 512.501343	0.066 0.000 0.001
ttt_playerspawn	-2330.977295 -843.134888 512.489075	0.045 -0.000 -0.045
ttt_playerspawn	-2253.421387 -994.082397 512.530396	0.023 0.000 -0.023
ttt_playerspawn	-2451.565918 -940.055847 512.533508	0.020 0.000 -0.020
ttt_playerspawn	-2465.217529 -761.774170 512.476807	0.040 -0.000 -0.043
ttt_playerspawn	-2447.481201 -612.369324 512.454163	0.041 -0.000 -0.041
ttt_playerspawn	-2313.122070 -546.133301 512.578491	0.087 0.248 -0.155
ttt_playerspawn	-2360.584473 -1034.333252 512.513977	-0.029 0.000 0.029
ttt_playerspawn	-2087.495850 -1194.863525 512.552795	0.018 0.000 -0.018
ttt_playerspawn	-2287.763428 -1189.441650 512.503113	0.030 -0.000 -0.030
ttt_playerspawn	-2167.008301 -1279.483887 512.477661	0.051 -0.000 -0.040
ttt_playerspawn	-2528.330322 -1132.506592 512.518555	0.027 0.000 -0.027
ttt_playerspawn	-2425.792969 -1204.556885 512.486694	0.035 -0.000 -0.035
ttt_playerspawn	-2287.320068 -1337.586426 512.477905	0.036 -0.000 -0.036
ttt_playerspawn	-2536.051758 -1259.033447 512.511108	0.028 0.000 -0.028
ttt_playerspawn	-2417.915283 -1345.376831 512.510986	0.031 -0.000 -0.031
ttt_playerspawn	-2305.654541 -1481.232910 512.488647	0.028 0.000 -0.033
ttt_playerspawn	-2396.817383 -1613.161255 641.640137	0.076 5.215 -0.001
weapon_ttt_ak47	1735.542725 -359.411255 448.882294	0.146 11.848 -87.456
weapon_ttt_ak47	2050.913574 -1243.277588 512.904541	0.135 13.216 -87.863
weapon_ttt_ak47	-1734.164307 1876.228638 524.874023	0.157 13.137 -87.361
weapon_ttt_ak47	808.961487 1876.418701 514.966003	6.251 5.001 -89.697
weapon_ttt_ak47	-1946.861572 -1213.533081 641.969055	0.045 9.255 -87.347
item_box_buckshot_ttt	-1608.940796 865.563782 512.457581	-0.205 -0.018 0.848
item_box_buckshot_ttt	-1607.129761 890.840881 512.483826	0.226 -0.005 0.182
item_box_buckshot_ttt	-1582.058350 900.209900 512.478821	-0.940 -0.015 1.119
item_box_buckshot_ttt	-1551.740112 895.795715 512.470398	1.616 -0.219 -0.392
item_box_buckshot_ttt	1191.602417 697.309814 448.456512	-0.601 0.026 -1.089
item_box_buckshot_ttt	1170.301147 661.697083 448.465790	0.314 -0.007 0.338
item_box_buckshot_ttt	1198.077271 662.000671 448.422394	-0.164 0.024 -1.028
item_box_buckshot_ttt	1193.279175 716.572815 448.428406	-0.537 0.033 -1.292
item_box_buckshot_ttt	993.982422 -265.454102 448.414703	0.872 -0.009 0.184
item_box_buckshot_ttt	985.460815 -247.863907 448.486389	0.151 -0.005 0.207
item_box_buckshot_ttt	981.953796 -226.141205 448.466705	0.225 -0.007 0.393
item_box_buckshot_ttt	-1013.490723 -839.973816 565.167725	1.005 0.002 -0.814
item_box_buckshot_ttt	-1036.777954 -826.032104 565.211609	0.931 -0.002 0.807
item_box_buckshot_ttt	-2184.567139 -475.605469 641.496643	-1.248 -0.015 1.093
item_box_buckshot_ttt	-2174.777100 -477.968506 641.488708	0.292 0.003 -0.151
item_box_buckshot_ttt	-2134.268311 638.068665 512.419006	1.587 0.064 0.629
item_box_buckshot_ttt	-2120.170410 637.581421 512.450562	1.496 0.182 0.429
item_box_buckshot_ttt	2109.023926 905.987976 528.013000	-0.745 -0.008 0.646
item_box_buckshot_ttt	2119.626953 914.937927 528.022156	0.261 -0.003 -0.126
item_box_buckshot_ttt	473.197205 -931.795654 689.867188	-0.085 0.086 -0.094
item_box_buckshot_ttt	478.905212 -982.499512 689.820557	-0.280 -0.023 -0.125
item_box_buckshot_ttt	-2090.615234 -1465.740112 641.526001	-0.861 -0.007 0.731
item_box_buckshot_ttt	-2098.483398 -1454.693359 641.454895	0.609 0.003 -0.485
item_box_buckshot_ttt	-2110.287598 -1465.176392 641.494934	-0.726 -0.005 0.669
weapon_ttt_smokegrenade	-1637.215454 438.350006 516.582214	2.909 -0.130 -3.008
weapon_ttt_smokegrenade	-1615.424194 443.622498 516.580017	2.943 -0.132 -3.040
weapon_ttt_smokegrenade	-1579.508179 470.851013 516.601685	2.356 -0.127 -2.432
weapon_ttt_smokegrenade	-229.444595 -941.089722 644.592590	2.617 -0.134 -2.704
weapon_ttt_smokegrenade	455.344696 834.817383 964.558289	3.518 -0.113 -3.661
weapon_ttt_smokegrenade	1781.376587 365.402100 694.534912	1.399 0.011 -1.210
weapon_ttt_smokegrenade	-153.489594 3750.438965 516.503906	0.272 0.003 0.094
weapon_ttt_smokegrenade	-145.551697 3811.856934 516.506470	0.287 0.003 0.072
weapon_ttt_smokegrenade	-159.397095 3911.318115 516.576599	3.031 -0.136 -3.130
weapon_ttt_smokegrenade	-111.078400 3845.304443 516.617920	1.880 -0.119 -1.936
weapon_ttt_smokegrenade	-118.370102 3776.912354 516.536072	1.663 0.008 -1.502
weapon_ttt_smokegrenade	-98.971397 3895.418457 516.614502	1.956 -0.119 -2.012
weapon_ttt_smokegrenade	14.448800 -1955.373535 771.090576	-1.840 -0.766 0.868
weapon_ttt_smokegrenade	973.814819 -3137.955322 773.413818	2.365 -1.282 -1.921
weapon_ttt_smokegrenade	-1142.046021 373.839355 878.449219	23.302 -61.030 -96.638
weapon_ttt_smokegrenade	-1143.479370 368.078918 878.579468	22.475 -63.673 -96.443
weapon_ttt_smokegrenade	-1129.912720 371.589020 877.375366	27.058 71.477 97.985
weapon_ttt_smokegrenade	-1145.446289 375.681091 877.388367	7.553 -14.016 -3.990
weapon_ttt_smokegrenade	-1150.112915 370.818665 879.864563	-62.379 -65.945 -105.214
item_ammo_357_ttt	533.567078 870.138672 960.403015	1.258 -0.047 -0.949
item_ammo_357_ttt	566.621521 880.917419 960.409729	1.179 -0.040 -0.854
item_ammo_357_ttt	595.976624 877.865295 960.413330	1.138 -0.036 -0.804
item_ammo_357_ttt	614.766479 844.609924 960.431824	0.923 -0.025 -0.543
item_ammo_357_ttt	-742.057617 975.470215 619.221130	-11.134 -0.851 -1.516
item_ammo_357_ttt	-727.829285 980.450378 619.957092	-2.379 -0.649 -8.158
item_ammo_357_ttt	-706.075317 994.464172 616.985779	5.539 1.801 -16.633
item_ammo_357_ttt	-666.606628 994.341370 608.802429	-87.620 40.484 -35.020
item_ammo_357_ttt	-705.067383 960.350830 621.032776	13.040 1.785 -4.744
item_ammo_357_ttt	-3198.921631 1174.282837 640.411682	1.159 -0.037 -0.831
item_ammo_357_ttt	-3179.554932 1136.924805 640.429016	0.959 -0.026 -0.587
item_ammo_357_ttt	-3169.833740 1089.014160 640.401123	1.282 -0.048 -0.981
item_ammo_357_ttt	-537.954712 3881.164551 512.420776	1.055 -0.031 -0.705
item_ammo_357_ttt	-558.701721 3896.170166 512.432129	0.924 -0.025 -0.546
item_ammo_357_ttt	-580.633301 3921.137939 512.403381	1.259 -0.047 -0.954
item_ammo_357_ttt	-570.553772 3874.086182 512.406372	1.224 -0.042 -0.912
item_ammo_357_ttt	-580.875488 3890.124512 512.434814	0.892 -0.024 -0.506
item_ammo_357_ttt	214.763596 -1923.246460 801.324829	0.411 0.421 -2.336
item_ammo_357_ttt	221.610107 -1954.256836 802.482178	0.410 0.421 -2.336
item_ammo_357_ttt	206.772903 -1972.141846 803.223511	0.225 0.429 -2.500
item_ammo_357_ttt	199.722305 -1948.558838 802.338501	0.459 0.407 -2.243
item_ammo_357_ttt	-243.390305 1272.158691 641.425720	0.443 0.071 0.061
item_ammo_357_ttt	-261.698212 1315.124390 641.527893	0.466 0.052 0.021
item_ammo_357_ttt	-228.273895 1307.821899 641.445374	0.447 0.063 0.053
item_ammo_357_ttt	-264.170685 1339.949219 641.423279	0.443 0.071 0.062
item_ammo_357_ttt	-270.227997 1267.770264 641.445374	0.447 0.063 0.053
item_ammo_357_ttt	2787.161621 273.251404 512.416687	1.112 -0.035 -0.780
item_ammo_357_ttt	2788.947998 311.226196 512.410828	1.182 -0.042 -0.867
item_ammo_357_ttt	2780.231445 346.946411 512.430176	0.945 -0.026 -0.571
item_ammo_357_ttt	-2341.758057 -1620.897095 641.472900	0.454 0.057 0.042
item_ammo_357_ttt	-2309.946045 -1629.263306 641.418396	0.441 0.078 0.064
item_ammo_357_ttt	-2161.781006 -1749.123047 641.512329	0.462 0.053 0.027
item_ammo_357_ttt	-2196.599609 -1726.744507 641.445374	0.447 0.063 0.053
item_ammo_357_ttt	-1962.895874 -1332.988525 642.990662	0.270 -28.913 -17.775
item_ammo_357_ttt	-1982.841919 -1358.099487 641.441223	0.447 0.067 0.055
item_ammo_revolver_ttt	-578.632507 106.536499 617.421021	2.400 0.054 7.130
item_ammo_revolver_ttt	-592.760315 80.784203 614.197998	-1.395 0.413 11.055
item_ammo_revolver_ttt	-568.647522 82.585800 613.957397	3.251 -0.202 7.617
item_ammo_revolver_ttt	-550.997803 98.338997 614.327515	7.737 -0.300 6.566
item_ammo_revolver_ttt	1102.673340 -1845.943970 782.158386	-4.456 -0.195 3.696
item_ammo_revolver_ttt	1102.477173 -1792.777222 785.746826	-4.277 -0.183 3.747
item_ammo_revolver_ttt	1102.923950 -1763.755615 787.680420	-4.633 -0.208 3.645
item_ammo_revolver_ttt	1532.632813 -388.404388 448.416901	1.100 -0.033 -0.760
item_ammo_revolver_ttt	1553.880005 -381.271393 448.423004	1.029 -0.029 -0.673
item_ammo_revolver_ttt	1518.433350 -414.954803 448.416107	1.110 -0.034 -0.772
item_ammo_revolver_ttt	822.679077 -1224.720215 651.621826	10.931 -0.298 -0.061
item_ammo_revolver_ttt	844.435425 -1233.335693 647.693604	11.063 -0.281 -0.069
item_ammo_revolver_ttt	1125.505737 -3916.794678 768.402710	1.263 -0.048 -0.976
item_ammo_revolver_ttt	1111.414673 -3912.570801 768.423218	1.024 -0.028 -0.679
item_ammo_revolver_ttt	362.562592 207.308853 1008.419800	1.063 -0.030 -0.712
item_ammo_revolver_ttt	375.546387 184.804626 1008.426880	0.981 -0.027 -0.612
item_ammo_revolver_ttt	2587.162842 1579.958740 512.401367	1.283 -0.049 -0.984
item_ammo_revolver_ttt	2569.741211 1573.466797 512.423767	1.021 -0.029 -0.664
item_ammo_revolver_ttt	-2348.928467 1905.690430 512.446350	0.735 0.015 -0.518
item_ammo_revolver_ttt	-2339.394531 1902.759033 512.431335	0.939 -0.027 -0.568
item_ammo_revolver_ttt	9.257186 -866.948730 640.430359	0.945 -0.026 -0.572
item_ammo_revolver_ttt	-9.000829 -867.242493 640.357666	0.470 -0.016 -0.023
item_ammo_revolver_ttt	-749.822266 -2122.015137 780.822266	18.046 -0.329 -0.019
item_ammo_revolver_ttt	-764.319458 -2108.042480 785.094788	18.070 -3.769 -1.073
item_ammo_revolver_ttt	-748.895142 -2091.305176 780.624207	16.844 10.658 2.995
item_ammo_revolver_ttt	-734.075623 -2102.083740 776.237549	17.462 6.882 1.938
item_ammo_revolver_ttt	-721.243591 -2121.843262 772.481323	17.323 -0.282 0.077
item_ammo_revolver_ttt	-730.153503 -2125.476807 775.075317	17.372 -0.282 0.071
item_ammo_revolver_ttt	-768.412231 -2128.846924 786.265076	17.505 -0.287 0.055
item_ammo_revolver_ttt	-781.570007 -2129.606689 790.103149	17.825 -0.307 0.013
item_ammo_revolver_ttt	-781.731628 -2038.451294 790.186584	17.613 6.943 1.956
item_ammo_revolver_ttt	-757.325500 -2039.649170 783.082336	17.063 6.830 1.919
item_ammo_revolver_ttt	-736.141235 -2047.879150 776.814819	17.793 7.028 1.981
item_ammo_revolver_ttt	-725.301025 -2056.613525 773.660828	17.534 6.897 1.942
item_ammo_revolver_ttt	-724.102478 -2083.290283 773.276123	17.930 7.161 2.020
item_ammo_revolver_ttt	-755.938843 -2084.864014 782.634155	17.534 5.157 1.448
item_ammo_revolver_ttt	-771.705811 -2080.744141 787.260559	16.357 6.727 2.186
item_ammo_revolver_ttt	-791.612671 -2111.469727 793.115173	17.685 0.836 0.640
item_ammo_revolver_ttt	-776.396423 -2078.652588 794.043762	-59.301 -173.004 177.020
item_ammo_revolver_ttt	-764.538025 -2064.902344 785.147095	17.641 6.944 1.957
item_ammo_revolver_ttt	-742.796143 -2062.453125 778.821960	17.575 0.861 0.167
item_ammo_revolver_ttt	-704.418640 -2081.846191 768.382813	0.797 0.331 -0.078
item_ammo_revolver_ttt	-680.255981 -2091.267334 768.405701	1.229 -0.047 -0.933
item_ammo_revolver_ttt	-643.012390 -2047.696655 768.406677	1.217 -0.042 -0.919
item_ammo_revolver_ttt	-696.596130 -2036.251953 768.396667	0.548 1.589 0.117
item_ammo_revolver_ttt	-728.559326 -2032.253052 774.581848	17.930 7.161 2.020
item_ammo_revolver_ttt	-745.978394 -2028.804688 779.731079	17.386 6.869 1.933
item_ammo_revolver_ttt	-765.470703 -2019.041992 785.417908	17.670 6.943 1.957
item_ammo_revolver_ttt	-746.417419 -2005.044922 779.861389	17.365 6.860 1.930
item_ammo_revolver_ttt	-718.033936 -2011.890625 771.517944	17.699 6.978 1.966
item_ammo_revolver_ttt	-692.360168 -2036.705566 771.337830	89.945 170.553 180.000
item_ammo_revolver_ttt	-689.151672 -2055.914551 769.680420	0.192 -2.541 -15.963
item_ammo_revolver_ttt	2425.892334 -1050.681030 503.105103	4.428 -0.433 3.511
item_ammo_revolver_ttt	2391.430176 -1076.603394 503.596100	4.612 -0.445 3.493
item_ammo_revolver_ttt	2342.187744 -1093.823486 505.599335	4.604 -0.447 3.494
item_ammo_revolver_ttt	2318.201904 -1105.671387 506.417267	4.350 -0.432 3.518
item_ammo_revolver_ttt	2292.188232 -1188.922607 502.764923	4.672 -0.467 3.487
item_ammo_revolver_ttt	2308.505615 -1213.411865 500.284454	4.330 -0.851 3.223
item_ammo_revolver_ttt	2251.354248 -1201.072266 504.617889	4.413 -0.432 3.512
item_ammo_revolver_ttt	2198.789795 -1266.775757 503.736481	4.672 -0.467 3.487
item_ammo_revolver_ttt	2215.603271 -1260.315552 503.103271	4.612 -0.445 3.493
item_ammo_revolver_ttt	2299.750244 -1214.308105 506.032379	-47.355 -172.842 174.442
item_ammo_revolver_ttt	2307.864746 -1158.327881 503.775970	4.334 -0.433 3.519
item_ammo_revolver_ttt	2263.190918 -1133.831421 509.821808	9.679 -5.177 25.825
item_ammo_revolver_ttt	2298.364746 -1137.006958 506.589844	-14.401 -1.518 3.721
item_ammo_revolver_ttt	2355.716309 -1145.403931 501.581238	4.384 -0.432 3.515
item_ammo_revolver_ttt	2350.796875 -1170.830444 500.265442	4.530 -0.438 3.501
item_ammo_revolver_ttt	2408.749268 -1116.875732 500.010742	4.551 -0.442 3.499
item_ammo_revolver_ttt	2465.124512 -1082.589966 498.619720	4.596 -0.447 3.495
item_ammo_revolver_ttt	2484.395752 -1054.487427 499.171661	4.596 -0.447 3.495
item_ammo_revolver_ttt	2500.075928 -1029.181030 499.821625	4.389 -0.431 3.514
item_ammo_revolver_ttt	2522.301758 -1082.950684 495.102722	4.257 -0.435 3.526
item_ammo_revolver_ttt	2470.993896 -1117.610962 496.101898	4.434 -0.432 3.510
item_ammo_revolver_ttt	2450.477295 -1138.989136 496.025513	4.530 -0.438 3.501
item_ammo_revolver_ttt	-2807.761963 -1424.906250 720.408020	1.201 -0.041 -0.882
item_ammo_revolver_ttt	-2906.778076 -1445.140869 720.434692	0.891 -0.024 -0.504
item_ammo_revolver_ttt	-2967.644287 -1435.316895 720.406128	1.223 -0.042 -0.909
item_ammo_revolver_ttt	-3004.852051 -1421.312988 720.405151	1.234 -0.046 -0.923
item_ammo_revolver_ttt	-3094.385986 -1399.304443 720.456970	0.633 -0.018 -0.189
item_ammo_revolver_ttt	-3172.554199 -1399.288086 720.453064	0.442 0.679 -0.032
item_ammo_revolver_ttt	-3254.759277 -1399.857666 720.400024	1.294 -0.055 -0.995
item_ammo_revolver_ttt	-3275.262939 -1423.171021 720.425659	0.996 -0.028 -0.632
item_ammo_revolver_ttt	-3217.646484 -1447.696411 720.422852	1.029 -0.029 -0.672
item_ammo_revolver_ttt	-3102.413086 -1430.568604 720.439209	0.839 -0.022 -0.440
item_ammo_revolver_ttt	-2997.883057 -1430.666748 720.408020	1.201 -0.041 -0.882
item_ammo_revolver_ttt	-2906.916504 -1434.126221 720.402283	1.834 1.325 -0.005
item_ammo_revolver_ttt	-2830.113037 -1420.593018 720.410767	1.169 -0.037 -0.843
item_ammo_revolver_ttt	-2838.919434 -1380.330566 721.351807	-3.391 0.444 11.238
item_ammo_revolver_ttt	-2905.249512 -1347.893799 720.424988	1.004 -0.028 -0.642
item_ammo_revolver_ttt	-2932.378906 -1377.520508 720.422852	1.029 -0.029 -0.672
item_ammo_revolver_ttt	-3049.511719 -1382.830688 720.403137	1.258 -0.047 -0.951
item_ammo_revolver_ttt	-3127.411377 -1390.547485 720.428894	0.959 -0.026 -0.586
item_ammo_revolver_ttt	-3209.732666 -1389.010864 720.402100	1.270 -0.048 -0.966
item_ammo_revolver_ttt	-3223.269287 -1365.039551 720.421387	1.046 -0.030 -0.692
item_ammo_revolver_ttt	-3163.906250 -1401.212769 723.256165	88.644 -52.213 2.089
item_ammo_revolver_ttt	-3077.045410 -1442.093750 720.408020	1.201 -0.041 -0.882
item_ammo_revolver_ttt	-2981.903320 -1422.586426 720.401062	1.282 -0.048 -0.980
item_ammo_revolver_ttt	-2888.583496 -1383.438843 721.415466	-20.316 4.185 -0.022
item_ammo_revolver_ttt	-2998.971924 -1393.725220 720.402100	1.270 -0.048 -0.966
item_ammo_revolver_ttt	-3049.749268 -1366.811401 720.410767	1.169 -0.037 -0.843
item_ammo_revolver_ttt	-3151.826660 -1364.015991 720.423584	1.020 -0.028 -0.662
item_ammo_revolver_ttt	-3238.533936 -1363.594116 720.446228	0.757 -0.020 -0.340
item_ammo_revolver_ttt	-3015.068848 -1371.819946 720.422852	1.029 -0.029 -0.672
item_ammo_pistol_ttt	-2072.405518 -1671.608398 512.419373	-0.436 0.036 -0.602
item_ammo_pistol_ttt	-2055.717041 -1645.791382 512.421814	-0.423 0.036 -0.584
item_ammo_pistol_ttt	-2044.393433 -1681.057739 512.456116	-0.235 0.034 -0.324
item_ammo_pistol_ttt	-2095.483887 -1663.280396 512.430481	-0.375 0.035 -0.517
item_ammo_pistol_ttt	-2068.544434 -1612.747925 512.437378	-0.337 0.035 -0.466
item_ammo_pistol_ttt	-471.380402 426.503204 640.516418	0.081 0.020 -0.023
item_ammo_pistol_ttt	-429.773590 421.164215 640.542725	0.058 0.020 -0.017
item_ammo_pistol_ttt	-423.036591 383.765106 640.444214	0.144 0.018 -0.041
item_ammo_pistol_ttt	-452.353790 391.551788 640.489075	0.105 0.020 -0.030
item_ammo_pistol_ttt	-499.546997 414.050598 640.531799	0.067 0.020 -0.019
item_ammo_pistol_ttt	-536.133484 396.480011 640.479614	0.113 0.020 -0.032
item_ammo_pistol_ttt	-627.331116 861.016479 512.437378	-0.337 0.035 -0.466
item_ammo_pistol_ttt	-635.969727 895.250977 512.462585	-0.199 0.034 -0.274
item_ammo_pistol_ttt	-638.828125 922.856506 512.434509	-0.353 0.035 -0.487
item_ammo_pistol_ttt	-612.276306 909.786072 512.438293	-0.332 0.035 -0.459
item_ammo_pistol_ttt	-603.366882 874.621277 512.449097	-0.273 0.035 -0.377
item_ammo_pistol_ttt	-1471.842896 893.237671 512.424072	-0.410 0.036 -0.567
item_ammo_pistol_ttt	-1487.269043 863.491089 512.449829	-0.269 0.035 -0.371
item_ammo_pistol_ttt	-1475.433350 854.839172 512.475708	-0.126 0.033 -0.174
item_ammo_pistol_ttt	-1455.986816 871.979919 512.427429	-0.392 0.036 -0.541
item_ammo_pistol_ttt	1036.706421 -3162.519775 768.385498	0.023 0.031 0.003
item_ammo_pistol_ttt	1010.401917 -3159.080322 768.341370	0.458 -0.030 -0.116
item_ammo_pistol_ttt	993.151428 -3169.065186 768.758423	1.690 -0.199 -0.030
item_ammo_pistol_ttt	986.347412 -3180.344727 768.960083	1.592 -0.120 -0.014
item_ammo_pistol_ttt	1038.356934 -3131.468994 768.380188	0.024 0.031 0.003
item_ammo_pistol_ttt	-1126.888062 106.456001 560.948181	0.096 -0.020 -0.022
item_ammo_pistol_ttt	229.823700 1651.993164 640.512329	0.016 0.031 0.005
item_ammo_pistol_ttt	250.053894 1712.876343 640.442017	0.027 0.028 0.008
item_ammo_pistol_ttt	261.094391 1803.469116 640.467712	0.023 0.030 0.007
item_ammo_pistol_ttt	-104.043900 1316.326050 641.508972	0.087 0.020 -0.025
item_ammo_pistol_ttt	-76.255096 1324.608032 641.525696	0.073 0.020 -0.021
item_ammo_pistol_ttt	-137.636307 1317.297852 641.507507	0.089 0.020 -0.025
item_ammo_pistol_ttt	-106.313004 1398.818481 641.469421	-0.122 -0.020 -0.035
item_ammo_pistol_ttt	-133.199203 1375.139160 641.510620	0.086 0.020 -0.025
item_ammo_pistol_ttt	512.520325 387.014587 448.451996	-0.257 0.034 -0.355
item_ammo_pistol_ttt	528.016602 402.394501 448.423004	-0.417 0.036 -0.576
item_ammo_pistol_ttt	538.026794 432.056702 448.460907	-0.208 0.034 -0.287
item_ammo_pistol_ttt	557.617920 439.373413 448.463715	-0.193 0.034 -0.266
item_ammo_pistol_ttt	505.161591 417.691406 448.421814	-0.423 0.036 -0.585
item_ammo_pistol_ttt	1623.653442 -926.810608 565.153687	-0.133 -0.020 -0.029
item_ammo_pistol_ttt	1665.291870 -944.231079 618.215576	-0.081 -0.021 -0.017
item_ammo_pistol_ttt	1691.259766 -933.951416 618.271790	0.008 0.044 -0.003
item_ammo_pistol_ttt	1569.336792 -931.457275 512.461975	-0.202 0.034 -0.278
item_ammo_pistol_ttt	1537.558716 -936.356079 512.457214	2.703 -0.299 0.012
item_ammo_pistol_ttt	1738.819092 -371.381775 448.449646	-0.524 0.356 -0.482
item_ammo_pistol_ttt	1721.816406 -371.067047 448.435547	-0.348 0.035 -0.480
item_ammo_pistol_ttt	2035.250366 -1249.982300 513.626770	1.337 0.402 4.594
item_ammo_pistol_ttt	2020.621094 -1250.558960 512.446289	-1.361 0.346 -0.099
item_ammo_pistol_ttt	-1705.527588 1882.832764 524.392883	-0.105 0.028 0.032
item_ammo_pistol_ttt	-1694.421631 1880.998413 524.360718	-0.077 0.023 0.006
item_ammo_pistol_ttt	-1686.057129 1882.645142 524.336304	-0.158 0.025 0.047
item_ammo_pistol_ttt	805.248718 1864.681519 512.428101	0.250 -0.688 -0.384
item_ammo_pistol_ttt	817.297180 1858.740967 512.420593	-0.430 0.036 -0.593
item_ammo_pistol_ttt	828.150208 1859.556274 512.459717	-0.214 0.034 -0.296
item_ammo_pistol_ttt	-1712.633911 902.287964 552.796143	0.055 0.006 -0.031
item_ammo_pistol_ttt	-1701.523804 902.671570 552.711060	0.210 -0.013 -0.014
item_ammo_pistol_ttt	1769.121094 352.941406 690.455750	-0.535 -0.094 0.008
item_ammo_pistol_ttt	1760.258911 343.405426 690.451233	-0.261 0.035 -0.360
item_ammo_pistol_ttt	2614.351563 -491.678650 512.417480	0.025 0.031 -0.001
item_ammo_pistol_ttt	2595.500488 -490.868500 512.432556	-0.364 0.036 -0.502
item_ammo_pistol_ttt	-143.888809 -357.769958 512.433533	-0.358 0.035 -0.495
item_ammo_pistol_ttt	-157.184631 -380.114899 512.418152	-0.442 0.036 -0.611
item_ammo_pistol_ttt	-907.787720 -185.863129 512.417236	0.466 2.051 -0.007
item_ammo_pistol_ttt	-920.182800 -180.011948 512.422913	-0.417 0.036 -0.575
item_ammo_pistol_ttt	-881.701416 -186.092606 512.467224	1.369 0.174 0.238
item_ammo_pistol_ttt	-2847.091064 -742.567810 640.459167	-0.218 0.034 -0.301
item_ammo_pistol_ttt	-2857.554199 -743.968384 642.502319	-1.063 -0.411 -13.690
item_ammo_pistol_ttt	-2870.819092 -744.542114 642.568542	0.614 -0.230 -14.177
item_ammo_pistol_ttt	-2550.789063 824.161499 527.917603	0.033 0.043 -0.009
item_ammo_pistol_ttt	-2560.921387 840.577209 527.946594	0.027 0.043 -0.008
item_ammo_pistol_ttt	-2544.133301 835.574890 527.960632	0.024 0.043 -0.007
item_ammo_pistol_ttt	-2559.084473 871.176270 527.944702	0.027 0.043 -0.008
item_ammo_pistol_ttt	-2550.539063 871.454224 527.976685	-0.079 -0.021 -0.019
item_ammo_pistol_ttt	1406.922119 1361.378052 512.452698	-0.253 0.034 -0.349
item_ammo_pistol_ttt	1404.999878 1379.816040 512.457581	-0.334 0.719 -0.376
item_ammo_pistol_ttt	-193.416763 4051.075928 512.442688	-0.308 0.035 -0.425
item_ammo_pistol_ttt	-178.433105 4047.282959 512.440063	-0.322 0.035 -0.445
item_ammo_pistol_ttt	-522.073486 4014.624512 512.441833	-0.313 0.035 -0.432
item_ammo_pistol_ttt	-550.376709 4026.709717 512.446777	-0.286 0.035 -0.394
item_ammo_pistol_ttt	23.024538 -1730.869873 819.269043	0.090 0.021 -0.018
item_ammo_pistol_ttt	13.620707 -1724.049194 819.224792	0.127 0.020 -0.026
item_ammo_pistol_ttt	1027.664063 -3270.147949 827.536377	-2.880 -0.742 8.154
item_ammo_pistol_ttt	1014.102722 -3268.871582 826.995117	-3.335 0.015 8.251
item_ammo_pistol_ttt	-3196.017090 -111.701729 684.043335	0.686 0.430 0.066
item_ammo_pistol_ttt	-3182.509277 -120.342911 683.981506	0.025 0.044 -0.008
item_ammo_pistol_ttt	-3192.135498 -130.961700 685.015869	-4.798 -0.781 -4.987
item_ammo_pistol_ttt	-1177.073975 1287.056641 512.418213	-0.443 0.036 -0.611
item_ammo_pistol_ttt	-1190.587036 1286.862183 512.450562	-0.265 0.035 -0.366
item_ammo_pistol_ttt	-1198.319336 1296.028076 512.441833	-0.313 0.035 -0.432
item_ammo_pistol_ttt	-1666.258667 365.444672 512.430542	-0.375 0.035 -0.517
item_ammo_pistol_ttt	-1661.031372 386.416901 512.460327	-0.211 0.034 -0.291
item_ammo_pistol_ttt	-1653.421265 366.263092 512.452698	-0.253 0.034 -0.349
item_ammo_pistol_ttt	-940.644714 -823.769836 565.202271	0.022 0.044 -0.007
item_ammo_pistol_ttt	-952.019714 -824.308350 565.184509	0.025 0.044 -0.008
item_ammo_pistol_ttt	-1468.294067 -582.247620 512.456665	-0.231 0.034 -0.319
item_ammo_pistol_ttt	-1450.154663 -579.597839 512.422913	-0.417 0.036 -0.575
item_ammo_pistol_ttt	-2499.943604 -1591.852295 512.459106	-0.218 0.034 -0.300
item_ammo_pistol_ttt	-2511.787598 -1574.624512 512.438293	-0.332 0.035 -0.459
item_ammo_pistol_ttt	-2493.942627 -1569.883545 512.436462	-0.342 0.035 -0.473
item_ammo_pistol_ttt	-1928.512329 -1231.402832 641.541809	0.011 0.031 0.003
item_ammo_pistol_ttt	-1942.549072 -1229.156616 641.441956	0.027 0.028 0.008
item_ammo_pistol_ttt	-1948.587036 -1227.478760 641.525269	0.767 -0.029 -0.122
item_ammo_pistol_ttt	-2555.929932 -442.951874 527.993225	-0.574 0.307 0.219
item_ammo_pistol_ttt	-2549.893555 -434.780396 528.002014	1.070 0.001 -0.182
item_ammo_pistol_ttt	-2560.704102 -410.274750 527.900635	0.036 0.041 -0.010
item_ammo_pistol_ttt	-541.917908 -153.449112 639.970581	0.117 0.016 -0.029
item_ammo_pistol_ttt	-531.159485 -160.391449 639.945679	0.138 0.016 -0.034
item_ammo_pistol_ttt	1418.376465 -1247.622192 529.252014	9.239 -0.475 -0.063
item_ammo_pistol_ttt	1432.697388 -1237.956299 527.210144	9.159 -0.475 -0.063
item_ammo_pistol_ttt	1441.242554 -1247.277954 526.008057	8.784 -0.481 -0.066
item_ammo_pistol_ttt	1842.703247 241.565842 689.551453	23.602 6.956 0.172
item_ammo_pistol_ttt	1854.195923 242.355820 688.388733	-0.672 5.161 0.052
item_ammo_pistol_ttt	1864.453491 239.740021 688.445251	-0.294 0.035 -0.407
item_ammo_pistol_ttt	-1523.935303 1781.583252 557.814209	0.818 -0.083 -0.245
item_ammo_pistol_ttt	-1496.760132 1816.492554 557.769958	1.019 -0.065 -0.166
item_ammo_pistol_ttt	-2540.553711 370.046814 530.176514	-0.161 -0.002 -0.046
item_ammo_pistol_ttt	-2530.977295 373.312225 530.112610	-0.136 -0.019 -0.033
item_ammo_pistol_ttt	438.923798 1704.387329 582.022217	-71.322 166.248 -175.922
item_ammo_pistol_ttt	460.982239 1706.829712 584.748230	1.689 -0.083 -1.596
item_ammo_pistol_ttt	345.525696 3181.145996 496.459198	-0.217 0.034 -0.301
item_ammo_pistol_ttt	350.183990 3162.773926 496.470764	-0.157 0.596 -0.233
item_ammo_pistol_ttt	-3211.396973 665.972107 640.463684	-0.193 0.034 -0.266
item_ammo_pistol_ttt	-3200.268555 672.556396 640.441895	-0.313 0.035 -0.432
weapon_ttt_pump	-2177.975098 -496.954865 642.540222	-0.074 -7.706 -89.693
weapon_ttt_pump	-2147.149902 620.331421 513.485168	-0.407 -9.749 -89.612
weapon_ttt_pump	2114.527832 918.702271 529.074158	-0.511 -8.797 -89.408
weapon_ttt_pump	483.895447 -961.868469 690.753723	-0.401 8.028 85.859
ttt_random_weapon	-1419.229248 -482.025513 526.938477	1.720 0.966 -92.952
ttt_random_weapon	-2938.478027 126.362396 655.818115	2.150 5.809 -91.973
ttt_random_weapon	-1951.531494 -460.326691 524.740479	2.141 4.873 -91.995
ttt_random_weapon	1118.015625 188.995300 657.285278	-2.398 2.610 -91.299
ttt_random_weapon	-1291.252686 51.705399 526.568970	2.173 4.765 -91.931
ttt_random_weapon	284.708496 -1982.436646 772.523926	2.156 2.713 -90.773
ttt_random_weapon	545.083618 -1952.366699 772.645874	1.543 3.645 -91.042
ttt_random_weapon	1075.624268 -2005.875244 769.835327	1.684 4.476 -92.199
ttt_random_weapon	-1729.399170 693.345581 513.199402	1.882 4.926 -92.582
ttt_random_weapon	-336.621796 1543.542969 513.221497	1.632 4.410 -93.153
ttt_random_weapon	873.836121 824.630371 664.360718	4.658 5.754 -95.915
ttt_random_weapon	2073.710938 959.377502 528.765808	0.793 -0.821 -93.640
ttt_random_weapon	-1993.270386 -1582.016113 642.307678	1.910 4.718 -92.517
weapon_ttt_explosivegrenade	914.144897 29.796694 452.824524	-0.673 0.002 -0.302
weapon_ttt_explosivegrenade	985.122253 52.120461 452.822327	-0.493 0.001 -0.222
weapon_ttt_explosivegrenade	62.585434 2076.860840 516.792847	-0.019 0.000 -0.009
weapon_ttt_explosivegrenade	67.054314 2041.602173 516.806763	-0.077 0.000 -0.035
weapon_ttt_explosivegrenade	-644.357178 711.262695 516.805298	-0.065 0.000 -0.029
weapon_ttt_explosivegrenade	-609.982788 775.715454 516.799255	-0.035 0.000 -0.016
weapon_ttt_explosivegrenade	-3253.964844 -815.980652 648.792847	-0.019 0.000 -0.009
weapon_ttt_explosivegrenade	-3258.565918 -831.543762 648.794495	-0.022 0.000 -0.010
weapon_ttt_explosivegrenade	-3262.818848 -817.641907 648.802307	-0.048 0.000 -0.022
weapon_ttt_explosivegrenade	-3263.572021 -826.574829 648.902039	-0.003 0.000 -0.001
item_ammo_smg1_ttt	930.362976 -547.112122 448.486511	-0.075 -0.027 0.396
item_ammo_smg1_ttt	920.192200 -512.215515 448.505493	-0.732 -0.033 0.756
item_ammo_smg1_ttt	937.928589 -481.513092 448.496307	-0.518 -0.031 0.647
item_ammo_smg1_ttt	-1923.108154 1119.171631 512.543152	-0.032 -0.617 0.009
item_ammo_smg1_ttt	-1939.749390 1117.787842 512.531921	0.224 -0.108 0.179
item_ammo_smg1_ttt	-1932.590210 1117.920288 526.356995	-0.111 -2.429 0.114
item_ammo_smg1_ttt	-1723.806152 -1375.753052 512.534119	0.193 2.679 -0.027
item_ammo_smg1_ttt	-1708.530762 -1360.613159 512.497559	-0.192 0.072 0.003
item_ammo_smg1_ttt	-1716.996826 -1366.777100 526.267822	0.026 -1.108 -0.144
item_ammo_smg1_ttt	1147.126221 -1347.893066 766.428528	0.126 -0.366 -0.771
item_ammo_smg1_ttt	1133.612061 -1348.216187 766.458923	0.341 -0.881 -0.802
item_ammo_smg1_ttt	1121.533081 -1348.161499 766.559509	0.105 0.071 -0.802
item_ammo_smg1_ttt	-566.242493 783.790771 320.530090	-0.290 -0.757 0.016
item_ammo_smg1_ttt	-579.031921 784.563904 320.509399	0.146 2.637 0.064
item_ammo_smg1_ttt	-574.728271 785.351746 334.273346	-0.086 -0.763 0.059
item_ammo_smg1_ttt	-1635.805176 -441.890320 512.997925	-5.940 -0.067 0.178
item_ammo_smg1_ttt	-1620.630005 -428.174622 512.401733	0.171 -0.005 0.103
item_ammo_smg1_ttt	-1371.239990 858.313599 512.501648	-0.990 0.056 -0.238
item_ammo_smg1_ttt	-1349.262939 865.695679 512.430603	0.757 -0.002 0.495
item_ammo_smg1_ttt	635.643188 -229.057755 685.271973	-2.007 -0.522 -5.098
item_ammo_smg1_ttt	652.364319 -221.971283 683.263977	3.327 -0.214 -1.807
item_ammo_smg1_ttt	810.959778 -1579.679077 769.945740	-0.237 0.409 -0.610
item_ammo_smg1_ttt	827.396851 -1576.068604 769.897095	0.025 -0.073 -0.535
item_ammo_smg1_ttt	-643.227112 550.126953 512.469849	0.143 -0.026 0.326
item_ammo_smg1_ttt	-624.907288 560.821045 512.519348	-0.548 -0.030 0.568
item_ammo_smg1_ttt	665.325623 992.432129 960.533630	-0.171 0.017 -0.146
item_ammo_smg1_ttt	679.033997 987.506775 960.511536	-0.306 0.012 -0.260
item_ammo_smg1_ttt	4.362700 3315.162354 512.501831	-0.800 0.013 -0.594
item_ammo_smg1_ttt	26.182579 3286.078613 512.518799	-0.234 0.015 -0.204
item_ammo_smg1_ttt	-1900.926270 -1488.568115 641.622009	0.245 -2.135 -0.108
item_ammo_smg1_ttt	-1913.250000 -1502.641113 641.662781	-0.465 0.174 0.292
weapon_zm_molotov	-870.959473 774.859009 516.593811	2.511 -0.129 -2.581
weapon_zm_molotov	-859.197998 772.535278 516.555786	3.573 -0.098 -3.692
weapon_zm_molotov	-839.250671 769.820984 516.623291	1.718 -0.116 -1.768
weapon_zm_molotov	-821.114319 778.785278 516.506470	0.287 0.003 0.072
weapon_zm_molotov	-803.461609 800.324585 516.498718	0.252 0.002 0.126
weapon_zm_molotov	-965.023193 -801.793884 569.331726	0.583 0.007 -0.226
weapon_zm_molotov	-542.866089 215.554703 616.814026	24.428 -131.710 96.840
weapon_zm_molotov	-1532.674805 866.690002 516.516418	0.391 0.003 -0.063
weapon_zm_molotov	-2372.597168 1758.292725 516.613220	1.980 -0.120 -2.034
weapon_zm_molotov	211.289902 -2026.879761 809.496094	-3.807 -0.231 -2.800
weapon_zm_molotov	-208.579102 -959.567322 644.615112	1.966 -0.119 -2.027
weapon_zm_molotov	497.713501 914.218628 964.511292	0.312 0.002 0.002
weapon_zm_molotov	1680.351563 390.947906 694.571777	3.179 -0.138 -3.287
weapon_zm_molotov	1655.122070 1275.156128 644.501282	0.261 0.003 0.112
weapon_zm_molotov	265.129913 1763.692017 644.672485	3.402 -0.130 -3.534
weapon_zm_molotov	1176.804565 392.177795 452.606689	2.167 -0.124 -2.228
weapon_zm_molotov	944.663391 77.765701 452.536713	2.382 -0.004 -2.298
weapon_zm_molotov	971.113403 -548.766602 452.529694	0.858 0.012 -0.604
weapon_zm_molotov	1669.048462 -359.178497 452.587189	2.718 -0.133 -2.799
weapon_ttt_dualelite	-1725.757568 904.213623 552.451111	1.934 0.500 -0.056
weapon_ttt_dualelite	1762.157471 367.303925 690.061157	1.971 1.622 0.102
weapon_ttt_dualelite	2607.482422 -474.477814 512.010559	1.943 0.153 -0.069
weapon_ttt_dualelite	-148.128540 -339.712830 511.999664	1.960 0.155 -0.066
weapon_ttt_dualelite	-897.648682 -184.387589 512.105652	1.702 -0.573 -0.101
weapon_ttt_dualelite	-2850.378662 -768.260193 694.631653	1.907 0.155 -0.188
weapon_ttt_dualelite	-2549.447754 806.698669 527.557800	1.934 0.149 -0.061
weapon_ttt_dualelite	-2551.119873 854.655701 527.573242	1.916 0.146 -0.065
weapon_ttt_dualelite	1433.350464 1365.429688 511.969971	2.007 0.163 -0.059
weapon_ttt_dualelite	-193.465332 4018.884521 511.980042	1.991 0.160 -0.062
weapon_ttt_dualelite	-517.636536 4043.015625 512.066406	1.971 0.139 -0.454
weapon_ttt_dualelite	-5.718721 -1727.739624 818.825684	1.980 0.163 -0.051
weapon_ttt_dualelite	1043.992310 -3262.772705 827.981995	2.415 -1.540 -2.529
weapon_ttt_galil	-1615.523315 -441.951660 512.769775	-1.460 22.280 86.799
weapon_ttt_galil	-1351.453247 849.609863 512.804138	-1.394 21.985 87.041
weapon_ttt_galil	656.271912 -243.386154 685.476501	0.230 -8.981 -93.166
weapon_ttt_galil	808.081360 -1600.525513 770.811890	0.811 -11.614 -88.025
weapon_ttt_galil	-1883.187622 -1458.157837 641.926941	-1.464 13.431 87.086
weapon_ttt_glock	-674.669617 924.917725 610.628418	21.002 22.873 95.119
weapon_ttt_glock	-1569.832642 741.914673 512.320618	-0.083 35.987 88.820
weapon_ttt_glock	-946.011719 -804.357910 565.080627	0.021 35.153 87.516
weapon_ttt_glock	-206.700897 -1002.398376 640.280823	-0.137 36.017 88.154
weapon_ttt_glock	-3190.243652 -135.485748 684.608826	-0.693 27.209 89.474
weapon_ttt_glock	-1184.993896 1303.947632 513.110046	-0.659 25.851 91.245
weapon_ttt_glock	-1668.269287 349.190521 513.112488	-0.807 25.827 91.545
weapon_ttt_glock	-1488.094238 -579.560547 513.112305	-0.798 25.827 91.526
weapon_ttt_glock	-2484.351318 -1595.975464 513.112183	-0.789 25.828 91.507
weapon_ttt_glock	-2554.145020 -474.573395 528.679077	-0.562 25.663 91.009
weapon_ttt_glock	-2560.041016 -458.595032 528.680054	-0.624 25.660 91.127
weapon_ttt_glock	-543.328735 -174.346008 640.723145	-0.877 25.870 91.690
weapon_ttt_m16	-499.604187 387.768097 641.270020	2.037 -8.137 84.294
weapon_ttt_m16	1011.476929 -3185.833740 769.161682	2.290 -8.272 84.227
weapon_ttt_m16	239.939499 1603.237793 641.270020	2.037 -8.139 84.294
weapon_ttt_m16	1693.404785 431.424286 691.175598	2.217 -8.225 84.426
ttt_random_ammo	-1646.853638 806.830872 546.954529	0.097 0.000 0.055
ttt_random_ammo	-1623.681152 808.168213 546.923523	0.046 0.000 -0.025
ttt_random_ammo	-1602.129761 805.102722 547.011414	1.088 -0.028 -1.293
ttt_random_ammo	-1573.273193 809.718079 546.929993	0.050 -0.000 0.015
ttt_random_ammo	-1464.444214 -443.316711 512.377075	-0.277 0.003 -0.213
ttt_random_ammo	-1506.128174 -448.443390 512.363770	-0.303 0.003 -0.244
ttt_random_ammo	-1517.410156 -424.883392 512.427185	-0.893 -0.000 0.739
ttt_random_ammo	-1556.970459 -446.144012 512.468323	-1.269 -0.024 1.359
ttt_random_ammo	-1591.324219 -450.843689 512.363770	-0.303 0.003 -0.244
ttt_random_ammo	-1639.935791 -463.512787 512.393799	-0.266 0.003 -0.150
ttt_random_ammo	-1635.491089 -418.030212 512.344727	-0.344 0.003 -0.282
ttt_random_ammo	-1578.902100 -407.306610 512.390625	-0.264 0.003 -0.166
ttt_random_ammo	-879.774292 589.162476 560.852722	0.123 0.000 0.090
ttt_random_ammo	-868.841675 542.951172 560.917603	1.653 0.008 1.028
ttt_random_ammo	-809.200989 262.288788 562.939270	1.252 0.013 1.320
ttt_random_ammo	-808.064392 235.351105 562.865417	0.407 -0.007 -0.149
ttt_random_ammo	-807.292297 197.534393 558.039612	2.231 -0.067 1.303
ttt_random_ammo	-891.947083 -213.316605 560.884094	1.379 0.013 1.098
ttt_random_ammo	-1119.734009 199.325195 558.055115	1.941 -0.089 1.293
ttt_random_ammo	-1120.502441 234.672607 562.939209	1.543 0.008 1.388
ttt_random_ammo	-1117.854004 275.387390 565.281128	0.059 -0.093 -0.993
ttt_random_ammo	-1276.214233 110.039001 552.827515	0.385 -0.966 -0.563
ttt_random_ammo	-1310.757080 113.667900 552.745422	-0.691 0.136 -0.971
ttt_random_ammo	-1294.156250 173.085800 552.463379	0.711 1.822 -0.498
ttt_random_ammo	-1606.434692 528.801697 530.215515	-0.142 -0.677 -0.173
ttt_random_ammo	-770.285278 785.421570 512.374512	0.120 0.000 0.083
ttt_random_ammo	-696.098022 806.531677 512.335327	0.046 0.000 -0.027
ttt_random_ammo	-705.970215 732.359680 512.359619	0.063 0.000 0.006
ttt_random_ammo	-763.476929 751.625427 512.385315	0.279 0.001 0.282
ttt_random_ammo	-1076.863647 185.804001 512.388977	-0.265 0.003 -0.173
ttt_random_ammo	-1076.405029 242.099503 512.385681	-0.266 0.003 -0.186
ttt_random_ammo	-1088.703125 113.204803 512.371521	-0.287 0.003 -0.226
ttt_random_ammo	-1079.221802 459.366913 512.389771	0.264 0.003 0.151
ttt_random_ammo	-1083.367065 571.201721 512.413086	1.108 -0.004 -1.009
ttt_random_ammo	-952.159607 567.337402 512.378174	0.269 0.003 0.198
ttt_random_ammo	-955.668823 495.211212 512.378174	0.269 0.003 0.198
ttt_random_ammo	-846.750488 315.190094 512.395386	-0.268 0.003 -0.140
ttt_random_ammo	-891.108826 311.877014 512.407471	-0.329 0.003 -0.014
ttt_random_ammo	-776.024292 26.465300 512.398499	-0.275 0.003 -0.118
ttt_random_ammo	-775.892822 109.930801 512.407471	-0.329 0.003 -0.014
ttt_random_ammo	-771.034485 205.024307 512.375183	-0.281 0.003 -0.217
ttt_random_ammo	-853.532898 -273.057098 512.410522	-0.368 0.003 0.046
ttt_random_ammo	-2968.154541 161.561996 640.398499	-0.268 0.003 -0.123
ttt_random_ammo	-2974.158447 91.831001 640.344788	-0.342 0.003 -0.281
ttt_random_ammo	-2884.354736 122.658997 640.392273	-0.261 0.003 -0.160
ttt_random_ammo	-1908.812134 -455.220001 512.395386	-0.268 0.003 -0.140
ttt_random_ammo	-1957.247437 -388.509399 512.400024	-0.280 0.003 -0.105
ttt_random_ammo	-1996.586182 -445.805389 512.365784	-0.299 0.003 -0.239
ttt_random_ammo	-1896.911499 -400.130188 512.377075	-0.277 0.003 -0.213
ttt_random_ammo	-2003.365356 -1590.322388 641.530029	1.643 0.036 1.988
ttt_random_ammo	-2032.491089 -1574.905884 641.479919	0.083 0.000 0.034
weapon_zm_rifle	552.618713 852.378784 961.361511	3.302 12.033 65.162
weapon_zm_rifle	-739.995422 917.224426 623.340576	-1.446 4.316 131.450
weapon_zm_rifle	-3233.861572 1122.606201 641.394226	3.307 12.057 65.558
weapon_zm_rifle	-548.083313 3944.052490 513.333801	3.265 13.157 64.789
weapon_zm_rifle	206.235397 -1999.170654 805.007813	0.332 -2.817 -90.508
weapon_zm_rifle	-2369.225098 1803.432983 513.339478	3.263 14.965 64.870
weapon_zm_rifle	-275.678101 1387.639771 642.499573	3.306 12.052 65.494
weapon_zm_rifle	1727.436523 348.719788 691.382813	3.293 13.191 65.408
weapon_zm_rifle	2776.505371 235.443405 513.389771	3.331 14.128 65.447
weapon_zm_mac10	958.368774 -497.784790 449.257813	-0.203 -37.646 -88.545
weapon_ttt_p90	-638.459290 525.660400 513.354309	0.382 1.617 -87.903
weapon_ttt_p90	640.961731 985.781677 961.291504	0.674 1.255 -87.775
weapon_ttt_p90	0.217940 3273.598633 513.181030	0.859 1.627 -86.803
weapon_zm_pistol	-2086.892578 -1638.050781 512.301270	-0.109 36.003 88.498
weapon_zm_pistol	-1491.572510 892.017273 512.277710	-0.141 36.020 88.102
weapon_zm_pistol	-82.456398 1381.935059 641.453674	0.792 36.683 88.531
weapon_zm_pistol	551.995789 400.279785 448.262512	-0.162 36.019 87.848
weapon_zm_pistol	1627.611206 -941.815613 566.221313	-0.146 -38.694 -89.073
weapon_zm_pistol	1431.719238 -1263.067749 527.911926	6.175 -34.601 -95.108
weapon_zm_pistol	1833.439697 231.662537 688.908386	0.381 -27.998 -89.296
weapon_zm_pistol	-1592.887695 1710.921021 558.283569	0.853 -38.179 -88.545
weapon_zm_pistol	-2535.020264 359.036926 530.891541	-0.177 36.465 90.071
weapon_zm_pistol	440.585510 1713.660767 579.317566	-15.839 -41.035 -81.028
weapon_zm_pistol	337.882904 3196.660645 496.832550	0.454 -36.223 -88.157
weapon_zm_pistol	-3228.519531 669.010376 640.872742	0.909 -37.280 -88.832
weapon_ttt_awp	2667.731445 -700.738464 276.968323	-2.719 -44.766 167.821
weapon_ttt_awp	-736.844299 1600.308594 1280.432129	0.853 6.982 84.451
weapon_ttt_awp	-3051.808350 -1515.435059 1070.439087	0.734 8.534 84.694
weapon_ttt_awp	1892.275146 -66.325378 1184.818481	0.823 10.120 84.552
weapon_ttt_awp	-2271.218506 -1651.681152 642.277771	0.896 -8.304 -84.739
weapon_ttt_awp	-2127.101807 -1735.900146 642.246338	0.919 -8.299 -84.568
weapon_ttt_awp	-1983.352783 -1342.056152 642.161316	1.290 -10.996 -84.206
weapon_ttt_confgrenade	-695.272583 -486.319885 515.591614	0.683 0.133 -0.174
weapon_ttt_confgrenade	-687.251099 -519.014282 515.503113	1.744 0.170 -0.446
weapon_ttt_confgrenade	-720.959290 -505.107605 515.491516	1.881 0.174 -0.481
weapon_ttt_confgrenade	-1602.577026 517.314209 533.407227	-1.766 0.160 -0.839
weapon_ttt_confgrenade	-181.409897 -944.902771 643.511719	1.642 0.132 -0.419
weapon_ttt_confgrenade	1739.267944 446.041107 693.513306	1.798 0.256 1.542
weapon_ttt_confgrenade	993.911072 -1827.072632 774.478088	0.334 -1.551 1.648
weapon_zm_shotgun	-1587.223145 877.065979 513.258179	-0.163 8.295 83.263
weapon_zm_shotgun	1170.235229 679.892395 449.043091	-0.947 -9.700 -88.943
weapon_zm_shotgun	986.980591 -293.490112 449.045288	-0.997 -9.495 -89.282
weapon_zm_shotgun	-960.329407 614.987183 369.272705	-0.328 7.114 84.035
weapon_zm_shotgun	-977.963684 -824.877075 566.038879	-0.309 9.428 82.997
weapon_zm_shotgun	-2107.328613 -1487.911011 642.180908	-0.296 -8.491 -83.883
weapon_zm_sledge	1760.263062 399.210602 694.411987	18.429 0.317 2.905
weapon_zm_sledge	846.887878 -1205.694824 651.306213	28.251 -0.472 1.842
weapon_zm_sledge	-88.343697 -326.843689 631.409119	4.567 -0.540 -1.614
weapon_zm_sledge	933.462097 50.466900 452.423492	18.532 0.310 2.877
weapon_zm_sledge	1058.593140 381.280548 445.808441	18.634 -0.121 2.992
weapon_zm_sledge	1095.469604 377.306641 445.808441	18.634 -0.969 2.992
weapon_zm_sledge	1101.505371 361.255554 445.742584	18.464 -2.107 2.918
weapon_zm_sledge	1065.637207 362.378601 445.808441	18.634 -0.126 2.992
weapon_zm_sledge	-1814.550049 -1405.462402 638.919250	18.634 -0.366 2.992
weapon_zm_sledge	-1843.045410 -1437.135376 638.919250	18.634 -0.366 2.992
weapon_zm_sledge	-2003.854492 -1520.749023 638.919250	18.634 -0.379 2.992
weapon_zm_sledge	-2033.641846 -1376.821533 638.919250	18.634 -0.374 2.992
weapon_zm_sledge	-2241.023682 -1675.334351 638.919250	18.634 -0.364 2.992
weapon_zm_sledge	-2332.650391 -1645.342773 638.919250	18.634 -0.373 2.992
weapon_zm_sledge	-1665.881958 -516.439941 771.501282	5.528 1.991 2.469
weapon_zm_sledge	2489.310547 -1229.537109 485.326813	21.731 6.111 6.051
weapon_zm_revolver	-574.121399 155.894104 621.469177	-0.487 -26.885 -81.182
weapon_zm_revolver	1057.189941 -1844.424805 780.071411	-0.456 -34.082 -79.973
weapon_zm_revolver	-770.325806 238.052505 513.916870	2.441 -20.375 -83.840
weapon_zm_revolver	1552.651123 -405.154602 449.892090	2.464 -20.331 -83.280
weapon_zm_revolver	884.830017 -1223.891235 642.032227	11.561 -26.647 -87.833
weapon_zm_revolver	303.598114 -926.776306 641.889526	2.466 -20.328 -83.223
weapon_zm_revolver	-696.863281 781.433716 513.881470	2.473 -20.309 -83.043
weapon_zm_revolver	1133.155273 -3910.856445 768.970154	1.597 -19.244 -86.495
weapon_zm_revolver	346.769318 191.180527 1008.903503	2.242 -18.494 -84.637
weapon_zm_revolver	2598.965576 1569.199097 512.845642	2.084 -170.996 -85.260
weapon_zm_revolver	-2359.971436 1895.271240 512.970581	1.947 -20.587 -85.888
weapon_zm_revolver	0.436181 -859.587341 640.970703	2.034 -18.713 -85.735
weapon_zm_revolver	1112.723389 324.911957 448.970612	1.979 -18.746 -85.831
weapon_zm_revolver	1094.882202 326.724640 448.970734	2.087 -18.692 -85.643
weapon_zm_revolver	1080.941040 328.552856 448.970551	1.927 -18.776 -85.922
weapon_zm_revolver	1080.787109 310.178619 448.970520	1.917 -18.794 -85.940
weapon_zm_revolver	1094.207886 297.969299 449.591095	2.356 -19.751 -92.385
weapon_zm_revolver	1100.460938 305.740051 449.856323	16.269 2.926 66.733
weapon_zm_revolver	1084.861938 282.134613 448.979858	2.567 -20.947 -85.852
weapon_zm_revolver	1073.531128 282.847961 448.984009	1.752 -49.936 -87.397
weapon_zm_revolver	1062.134399 294.396515 448.970581	1.961 -18.760 -85.862
weapon_zm_revolver	1088.316650 292.476166 448.972839	1.650 -22.654 -86.632
weapon_zm_revolver	1116.706055 272.992462 448.970581	1.952 -18.760 -85.879
weapon_zm_revolver	1096.691528 246.816879 448.970581	1.966 -18.759 -85.854
weapon_zm_revolver	1082.289307 240.807190 448.926361	2.089 -16.120 -85.154
weapon_zm_revolver	1058.455078 260.262238 448.867371	0.475 -18.655 -85.029
weapon_zm_revolver	1055.333374 280.623352 448.970703	2.082 -18.692 -85.653
weapon_zm_revolver	1077.668823 271.678162 448.970581	1.971 -18.759 -85.846
weapon_zm_revolver	1097.248291 272.505829 448.970551	1.927 -18.776 -85.922
weapon_zm_revolver	1068.903076 241.105042 448.813080	2.134 -28.737 -83.857
weapon_zm_revolver	1055.098389 223.882523 448.970795	2.166 -18.665 -85.506
weapon_zm_revolver	1047.843628 250.707474 448.970581	1.966 -18.759 -85.854
weapon_zm_revolver	1048.603027 260.408539 449.280548	-12.840 -39.083 -90.233
weapon_zm_revolver	1097.796631 222.588501 448.970520	1.911 -18.795 -85.949
weapon_zm_revolver	1084.994507 212.994614 448.970551	1.927 -18.776 -85.922
weapon_zm_revolver	1071.420654 224.398087 448.970581	1.961 -18.760 -85.862
weapon_zm_revolver	1062.991821 205.896103 448.970734	2.095 -18.687 -85.629
weapon_zm_revolver	1080.932739 199.094666 448.970520	1.883 -18.769 -85.998
weapon_zm_revolver	1094.059448 200.609268 448.789642	2.206 -22.734 -83.910
weapon_zm_revolver	1066.372192 332.982330 448.970612	2.000 -18.733 -85.794
weapon_zm_revolver	1049.430908 330.136627 448.970825	2.184 -18.661 -85.474
weapon_zm_revolver	1050.534912 353.126190 448.970642	2.020 -18.723 -85.761
weapon_zm_revolver	1061.484009 323.511597 448.970612	1.979 -18.746 -85.831
weapon_zm_revolver	1044.087524 319.012787 448.970795	2.146 -18.671 -85.541
weapon_zm_revolver	1092.737549 356.296051 448.649506	25.181 -31.013 -31.711
weapon_zm_revolver	1087.632446 349.968262 448.879211	1.030 -24.904 -86.496
weapon_zm_revolver	2131.147949 -1237.790527 510.415833	6.838 -26.207 -84.075
weapon_zm_revolver	2146.174805 -1217.997559 510.713165	6.388 -26.230 -84.861
weapon_zm_revolver	2178.457031 -1240.035156 507.318207	6.427 -26.229 -84.793
weapon_zm_revolver	2212.068604 -1248.456055 504.691193	6.427 -26.229 -84.793
weapon_zm_revolver	2196.316406 -1184.244385 509.689026	6.507 -26.223 -84.654
weapon_zm_revolver	2236.664795 -1192.322754 506.662354	6.506 -26.224 -84.654
weapon_zm_revolver	2238.023438 -1157.024902 508.783600	6.546 -26.222 -84.585
weapon_zm_revolver	2256.632568 -1134.840088 509.011902	6.339 -22.684 -84.882
weapon_zm_revolver	2301.476563 -1138.288330 505.918304	3.293 -24.888 -84.507
weapon_zm_revolver	2282.096191 -1167.530396 505.372589	6.636 -26.218 -84.427
weapon_zm_revolver	2296.985107 -1092.998779 509.100067	6.498 -26.225 -84.669
weapon_zm_revolver	2302.664551 -1080.719238 509.512604	6.515 -26.225 -84.640
weapon_zm_revolver	2405.511963 -1069.769531 503.768982	6.490 -26.225 -84.684
weapon_zm_revolver	2407.059570 -1012.908813 507.226410	6.788 -26.210 -84.163
weapon_zm_revolver	2463.613770 -975.807007 506.010345	6.561 -26.222 -84.558
weapon_zm_revolver	2461.705078 -1009.247498 504.039581	6.531 -26.223 -84.612
weapon_zm_revolver	2468.136963 -1039.113403 501.771271	6.784 -26.211 -84.170
weapon_zm_revolver	2363.700439 -1038.769653 508.319550	6.378 -26.231 -84.879
weapon_zm_revolver	2345.763184 -1082.810425 506.688721	6.929 -26.202 -83.915
weapon_zm_revolver	2362.720947 -1120.424438 503.277496	6.515 -26.225 -84.640
weapon_zm_revolver	2385.499756 -1157.612061 499.529816	6.689 -26.216 -84.335
weapon_zm_revolver	1238.559082 -3408.336182 776.970703	2.058 -18.705 -85.694
weapon_zm_revolver	1231.176147 -3439.915771 776.970520	1.859 -18.720 -86.041
weapon_zm_revolver	1235.103027 -3455.966553 776.970642	2.048 -18.713 -85.711
weapon_zm_revolver	1211.685547 -3504.193115 776.970642	2.027 -18.722 -85.748
weapon_zm_revolver	1226.494873 -3532.946289 776.970642	2.051 -18.705 -85.706
weapon_zm_revolver	1229.054443 -3559.198730 776.970520	1.900 -18.795 -85.968
weapon_zm_revolver	1232.768066 -3634.780518 776.970825	2.207 -18.657 -85.435
weapon_zm_revolver	1249.048462 -3684.812744 776.970520	1.871 -18.767 -86.019
weapon_zm_revolver	1232.606934 -3743.770996 776.970703	2.073 -18.698 -85.668
weapon_zm_revolver	1238.014282 -3801.925293 776.970520	1.883 -18.769 -85.998
weapon_zm_revolver	1269.701416 -3745.917725 776.970581	1.957 -18.760 -85.870
weapon_zm_revolver	1267.437500 -3712.507324 776.970520	1.927 -18.776 -85.922
weapon_zm_revolver	1278.710327 -3643.614746 776.970520	1.947 -18.775 -85.887
weapon_zm_revolver	1273.138306 -3602.692383 776.970581	1.952 -18.760 -85.879
weapon_zm_revolver	1292.388184 -3554.265381 776.970520	1.932 -18.777 -85.913
weapon_zm_revolver	1272.689087 -3504.970459 776.970703	2.076 -18.698 -85.663
weapon_zm_revolver	-706.582764 -2182.554443 768.894714	2.293 -23.144 -84.613
weapon_zm_revolver	-715.561462 -2150.578857 771.148254	11.474 -29.974 -93.322
weapon_zm_revolver	-705.358032 -2116.740234 768.970032	1.541 -19.218 -86.593
weapon_zm_revolver	-679.985901 -2114.539063 768.970398	1.794 -19.185 -86.153
weapon_zm_revolver	-672.595642 -2143.996826 768.970398	1.815 -19.174 -86.116
weapon_zm_revolver	-687.381714 -2160.861572 768.970337	1.749 -19.198 -86.231
weapon_zm_revolver	-745.642700 -2143.602295 780.087219	15.689 36.729 93.950
weapon_zm_revolver	-745.370422 -2068.243408 780.145508	15.953 36.339 93.824
weapon_zm_revolver	-709.312439 -2060.424561 769.978210	2.270 29.343 95.825
weapon_zm_revolver	-692.087463 -2065.280762 768.841064	-4.148 -18.779 -86.350
weapon_zm_revolver	-708.388733 -2098.400879 769.671326	1.824 27.680 93.517
weapon_zm_revolver	-722.939148 -2094.199951 773.616394	15.863 36.343 94.329
weapon_zm_revolver	2828.488525 -837.578796 526.141113	2.984 -22.712 -85.224
weapon_zm_revolver	-3283.631104 -1371.628418 720.899353	2.241 -18.493 -84.594
weapon_zm_revolver	-3252.952393 -1384.687134 720.859924	2.226 -18.490 -84.190
weapon_zm_revolver	-3216.022705 -1378.340210 720.970886	2.230 -15.819 -85.395
weapon_zm_revolver	-3104.980469 -1392.133301 720.898254	2.240 -18.494 -84.583
weapon_zm_revolver	-3161.119629 -1382.127441 720.816101	2.208 -18.320 -83.741
weapon_zm_revolver	-3070.914795 -1380.142456 720.841797	2.219 -18.436 -84.004
weapon_zm_revolver	-2972.862549 -1387.101318 720.977356	2.224 -19.841 -85.955
weapon_zm_revolver	-2965.207520 -1381.427246 720.829895	1.166 -40.358 -85.719
weapon_zm_revolver	-2866.665039 -1384.035156 720.853027	2.223 -18.473 -84.119
weapon_zm_revolver	-2803.226807 -1388.945190 720.851196	2.222 -18.469 -84.101
weapon_zm_revolver	-2885.506592 -1384.492920 720.892822	0.185 -15.579 -85.496
weapon_zm_revolver	-2836.684082 -1379.301025 720.855835	-1.264 -18.273 -85.607
weapon_zm_revolver	-2801.585449 -1368.427002 720.879761	2.233 -18.491 -84.393
weapon_zm_revolver	-2914.711426 -1393.801758 720.908447	2.244 -18.496 -84.688
weapon_zm_revolver	-3030.548340 -1374.591797 720.856506	2.224 -18.472 -84.155
weapon_zm_revolver	-3122.076660 -1360.230957 720.898254	2.240 -18.494 -84.583
weapon_zm_revolver	-3205.880371 -1372.137695 720.971497	2.094 -35.555 -85.698
weapon_zm_revolver	-3175.896729 -1410.581787 720.878418	2.287 -29.831 -84.285
weapon_zm_revolver	-3050.994385 -1432.263184 720.888916	2.237 -18.491 -84.487
weapon_zm_revolver	-2963.286865 -1412.050415 720.837830	2.217 -18.398 -83.963
weapon_zm_revolver	-2874.009277 -1412.159424 720.914734	2.247 -18.497 -84.752
weapon_zm_revolver	-2768.747070 -1400.476685 720.849426	2.221 -18.466 -84.082
weapon_ttt_aug	-1916.401001 1110.378296 512.582031	-0.041 23.181 86.892
weapon_ttt_aug	-1730.979492 -1363.871826 513.685547	-1.626 -9.277 -83.866
weapon_ttt_aug	1131.432617 -1331.345337 767.284546	-0.830 -8.448 -83.418
weapon_ttt_aug	-574.762146 807.631714 321.611176	-0.021 13.929 95.161
