# Exported by: TC224
# For map: de_riverwalk
# Trouble in Terrorist Town weapon/ammo placement overrides
item_ammo_357_ttt	-2.331294 1751.500244 120.417618	1.091 -0.033 -0.747
item_ammo_357_ttt	1318.404297 255.702011 8.447316	1.525 -0.226 -1.068
item_ammo_357_ttt	1324.561523 261.712677 8.447774	0.943 1.999 -0.012
item_ammo_357_ttt	1326.194824 250.510193 8.432354	0.917 -0.024 -0.534
item_ammo_357_ttt	1615.083374 1350.509277 161.220749	17.285 -1.826 -0.211
item_ammo_357_ttt	1625.360840 1347.823486 160.406769	0.493 0.286 0.107
item_ammo_357_ttt	1629.929810 1347.704224 163.386185	89.976 179.514 180.000
item_ammo_357_ttt	1821.709717 -697.299683 256.404388	1.248 -0.047 -0.939
item_ammo_357_ttt	1831.053955 -697.709961 256.422455	1.180 0.137 -1.171
item_ammo_357_ttt	1837.170288 -698.565369 256.410095	1.181 -0.041 -0.858
item_ammo_357_ttt	19.153515 1751.381348 115.385399	89.986 179.657 180.000
item_ammo_357_ttt	2731.755859 703.716553 53.660027	-43.697 -140.665 180.000
item_ammo_357_ttt	2741.560791 709.417786 48.474384	0.365 0.084 0.056
item_ammo_357_ttt	2742.875244 700.052979 52.507233	0.020 -37.252 88.796
item_ammo_357_ttt	9.996119 1750.408203 115.429970	88.348 170.041 169.639
item_ammo_pistol_ttt	1345.156494 307.505951 32.619720	-0.137 -0.020 -0.032
item_ammo_pistol_ttt	1346.498169 327.096619 32.609734	-0.145 -0.019 -0.034
item_ammo_pistol_ttt	1346.765869 281.912994 32.644264	-0.116 -0.020 -0.027
item_ammo_pistol_ttt	1950.588135 -616.750549 219.334656	-89.415 -132.726 171.008
item_ammo_pistol_ttt	1957.400269 -655.345276 227.546432	0.516 -4.688 179.996
item_ammo_pistol_ttt	1958.326904 -626.229492 234.187439	0.411 0.151 0.069
item_ammo_pistol_ttt	1958.802979 -626.057434 222.653992	0.316 -0.450 -0.022
item_ammo_pistol_ttt	1959.166748 -624.381531 219.334625	89.479 -171.193 -171.873
item_ammo_pistol_ttt	1963.074341 -605.680786 216.434952	0.281 0.151 0.112
item_ammo_pistol_ttt	2097.259033 -400.430115 248.710938	-0.060 -0.020 -0.015
item_ammo_pistol_ttt	2108.210938 -406.338226 248.668213	0.097 0.020 -0.024
item_ammo_pistol_ttt	2109.688232 -387.554871 248.740601	0.073 -0.139 -0.005
item_ammo_pistol_ttt	2286.883301 -104.542061 8.381842	-0.102 -0.020 -0.031
item_ammo_pistol_ttt	2294.747314 -102.051369 8.434853	-0.056 -0.020 -0.017
item_ammo_pistol_ttt	2309.418213 -102.360909 8.385321	-0.099 -0.020 -0.030
item_ammo_pistol_ttt	2324.253174 -102.423103 8.405543	-0.081 -0.020 -0.025
item_ammo_pistol_ttt	2341.819092 -102.726540 8.411008	-0.077 -0.020 -0.023
item_ammo_pistol_ttt	2350.969727 -99.588448 8.342974	-0.136 -0.019 -0.041
item_ammo_pistol_ttt	2510.699951 74.334045 -8.513201	-89.652 -98.335 -77.568
item_ammo_pistol_ttt	2627.442383 29.633242 -8.616369	-82.464 -20.536 -0.416
item_ammo_pistol_ttt	2655.347168 41.478252 -8.431615	-88.600 125.309 -132.498
item_ammo_pistol_ttt	2804.249268 -18.296679 -8.596969	-89.845 -103.784 14.113
item_ammo_pistol_ttt	382.628601 1313.029907 128.356476	-0.124 -0.019 -0.038
item_ammo_pistol_ttt	411.331512 1307.036377 128.376419	-0.107 -0.019 -0.032
item_ammo_pistol_ttt	424.095947 1304.884155 128.425552	-0.064 -0.020 -0.019
item_ammo_revolver_ttt	2765.289551 -233.771744 8.410859	1.169 -0.037 -0.844
item_ammo_revolver_ttt	2774.922852 -233.771072 8.426356	0.989 -0.027 -0.623
item_ammo_revolver_ttt	2783.697754 -233.329437 8.433640	0.904 -0.024 -0.520
item_ammo_revolver_ttt	2794.879883 -229.051025 8.412628	1.149 -0.037 -0.818
item_ammo_revolver_ttt	2810.714844 -224.178650 8.421456	1.046 -0.030 -0.693
item_ammo_revolver_ttt	2824.458008 -226.597336 8.419202	1.072 -0.031 -0.725
item_ammo_smg1_ttt	1328.056763 335.604675 8.500455	-1.153 0.364 -0.339
item_ammo_smg1_ttt	1331.274780 315.155609 8.408911	0.238 -0.005 0.148
item_ammo_smg1_ttt	1346.342651 352.655914 32.758114	0.530 0.084 -0.223
item_ammo_smg1_ttt	1665.472046 1071.168823 192.430603	0.747 -0.002 0.489
item_ammo_smg1_ttt	1686.904053 1041.227295 192.500519	-0.827 0.011 -0.614
item_ammo_smg1_ttt	1731.052246 1070.651733 192.514511	-0.267 -0.013 0.226
item_ammo_smg1_ttt	1981.569092 -271.186066 212.537766	-0.130 0.017 -0.113
item_ammo_smg1_ttt	1988.952271 -301.647888 212.474609	0.567 -0.014 0.258
item_ammo_smg1_ttt	1995.211182 -270.753052 212.422302	0.474 -0.004 0.306
item_ammo_smg1_ttt	2669.398682 316.336121 40.752293	0.001 -0.047 0.012
item_ammo_smg1_ttt	2670.577637 341.666290 40.653831	0.136 -0.007 0.076
item_ammo_smg1_ttt	2699.988525 326.226410 40.663769	0.211 -0.006 0.127
item_ammo_smg1_ttt	2893.507568 328.737701 40.724155	-0.067 0.014 -0.039
item_ammo_smg1_ttt	2908.275391 345.272736 40.755230	0.078 -0.053 0.241
item_ammo_smg1_ttt	2930.669189 326.575500 40.783901	-0.201 0.014 -0.170
item_ammo_smg1_ttt	3333.094971 117.055588 8.432597	0.832 -0.001 0.546
item_ammo_smg1_ttt	3342.028320 74.326195 8.401748	0.169 -0.005 0.102
item_ammo_smg1_ttt	3353.631348 120.719406 8.415757	0.338 -0.005 0.215
item_ammo_smg1_ttt	619.251648 1170.258057 104.563271	0.299 0.092 -0.200
item_ammo_smg1_ttt	623.116821 1195.395874 104.520966	-0.091 -0.709 -0.071
item_ammo_smg1_ttt	639.330994 1193.055908 109.944656	88.296 8.866 2.337
item_box_buckshot_ttt	-273.911102 -287.872284 41.651600	1.069 0.011 0.931
item_box_buckshot_ttt	-279.620880 -303.264862 41.607742	0.814 -0.006 -0.673
item_box_buckshot_ttt	-292.356293 -311.225555 41.665886	-0.898 0.009 0.753
item_box_buckshot_ttt	1307.243774 297.528656 8.487327	-0.657 0.004 -0.254
item_box_buckshot_ttt	1308.884888 286.079224 8.452514	-2.084 0.305 -0.662
item_box_buckshot_ttt	1309.859863 310.138580 8.460512	-1.357 0.009 -0.524
item_box_buckshot_ttt	1311.099243 320.346222 8.435125	-0.803 0.002 -0.408
item_box_buckshot_ttt	1316.161621 294.949982 8.469407	-1.153 0.066 -0.367
item_box_buckshot_ttt	2062.397949 183.970062 160.422501	1.218 -0.008 -0.153
item_box_buckshot_ttt	2093.326416 184.750626 160.386856	-0.006 -0.071 -0.042
item_box_buckshot_ttt	2118.444336 187.670090 160.392654	-0.398 0.004 -0.398
item_box_buckshot_ttt	2883.913330 682.101746 30.442823	-58.686 136.270 179.537
item_box_buckshot_ttt	2884.312256 672.261414 24.440884	1.122 -0.062 -0.315
item_box_buckshot_ttt	2886.834961 693.515625 30.414005	-58.678 148.844 -179.290
item_box_buckshot_ttt	2895.375244 672.337646 24.480051	-1.025 -0.009 1.167
item_box_buckshot_ttt	2899.430176 683.502563 24.478497	-0.375 1.578 0.698
item_box_buckshot_ttt	2904.022217 672.622681 24.487495	0.073 -0.768 0.252
item_box_buckshot_ttt	3132.958496 -162.035629 51.515892	19.609 -9.281 14.300
item_box_buckshot_ttt	3137.488525 -164.872589 52.694836	56.769 -124.711 -117.419
item_box_buckshot_ttt	3138.396729 -162.625092 42.271816	83.270 -131.722 -67.120
item_box_buckshot_ttt	3139.906738 -170.906601 40.205265	30.927 76.041 163.635
item_box_buckshot_ttt	3144.927979 -172.940979 51.085049	21.787 134.121 -169.126
item_box_buckshot_ttt	3145.979004 -165.677063 30.391304	89.760 41.462 160.096
setting:	replacespawns 1
ttt_playerspawn	-158.783325 -333.669189 8.546395	-0.065 -0.000 0.065
ttt_playerspawn	-408.433563 590.837036 16.565664	-0.033 -0.000 0.033
ttt_playerspawn	-468.184998 1113.319458 16.527122	-0.070 -0.000 0.070
ttt_playerspawn	-474.239777 -340.462799 8.523044	-0.093 -0.000 0.093
ttt_playerspawn	-948.467041 35.765484 8.534800	-0.079 -0.000 0.079
ttt_playerspawn	-955.467957 -198.486725 8.540175	-0.200 -0.023 -0.047
ttt_playerspawn	1020.449890 398.409790 8.537678	-0.075 0.000 -0.075
ttt_playerspawn	1444.205200 -233.463104 8.548876	0.213 0.046 -0.051
ttt_playerspawn	1475.356323 161.950790 160.564087	-0.034 -0.000 0.034
ttt_playerspawn	1508.394775 703.497925 160.586395	-0.039 0.000 0.003
ttt_playerspawn	2143.005127 859.263306 160.487869	-0.045 -0.000 0.045
ttt_playerspawn	2172.099365 -717.584106 212.557861	-0.051 -0.000 0.051
ttt_playerspawn	2181.712158 26.382158 180.268768	0.005 -0.076 3.383
ttt_playerspawn	2557.435059 610.549438 160.494431	-0.042 -0.000 0.042
ttt_playerspawn	2592.605713 -123.923485 8.544955	-0.066 0.000 0.068
ttt_playerspawn	2627.573975 589.226990 24.534836	-0.026 -0.000 0.026
ttt_playerspawn	2670.778320 245.079117 8.522209	-0.076 -0.000 0.076
ttt_playerspawn	2795.247559 415.706909 8.535497	0.062 -0.003 0.018
ttt_playerspawn	3142.330078 168.075378 26.447905	-89.861 105.133 -105.339
ttt_playerspawn	3159.680176 -89.086754 26.356277	0.000 -8.559 82.435
ttt_playerspawn	3268.631592 40.409657 8.533719	0.144 0.002 0.066
ttt_playerspawn	380.988739 427.814789 8.516118	-0.082 -0.000 0.082
ttt_playerspawn	694.262085 -410.321564 88.535767	0.078 0.000 0.078
ttt_playerspawn	705.354370 289.669098 95.489487	-0.018 0.064 -3.022
ttt_playerspawn	812.539551 891.588013 56.519295	0.008 0.000 0.008
ttt_playerspawn	848.825317 1469.656250 112.547684	-0.050 -0.000 0.050
ttt_playerspawn	9.500405 -172.115082 8.530744	0.084 0.000 0.084
ttt_playerspawn	915.433716 -661.032227 216.556992	-0.042 -0.000 0.040
ttt_playerspawn	94.157814 1748.728149 104.532799	-0.081 -0.000 0.081
ttt_playerspawn	98.375397 1086.685547 104.525330	-0.090 -0.000 0.090
ttt_random_ammo	-1002.360901 -309.466797 24.772696	-0.047 -0.000 -0.021
ttt_random_ammo	-1014.675659 -310.425568 24.756399	-0.046 -0.000 -0.031
ttt_random_ammo	-293.494690 286.983734 16.344603	0.049 0.000 -0.019
ttt_random_ammo	-293.760498 18.316418 -9.029040	-3.888 -78.246 -80.469
ttt_random_ammo	-314.798584 259.476044 16.349049	0.052 0.000 -0.014
ttt_random_ammo	-318.014893 314.313934 16.391262	0.544 0.004 0.607
ttt_random_ammo	-421.841705 288.581512 16.342321	0.048 0.000 -0.021
ttt_random_ammo	-448.755676 323.714722 16.370979	0.101 0.000 0.058
ttt_random_ammo	-448.798096 262.469177 16.322754	0.047 0.000 -0.033
ttt_random_ammo	-477.352509 -13.044683 -9.441067	-1.624 -78.410 -80.652
ttt_random_ammo	-548.205566 288.733978 16.377831	0.153 0.001 0.125
ttt_random_ammo	-580.834167 313.141815 16.346842	0.050 0.000 -0.017
ttt_random_ammo	-582.663391 264.454559 16.432760	1.369 0.033 1.661
ttt_random_ammo	-659.856750 -55.858913 -7.921427	6.779 -82.965 -100.060
ttt_random_ammo	-75.601563 40.046097 -8.562045	4.458 -78.560 -87.311
ttt_random_ammo	-791.589111 -87.873787 -8.252634	-0.708 -80.220 -92.560
ttt_random_ammo	-978.098816 -307.297363 24.743677	-0.047 -0.000 -0.036
ttt_random_ammo	-990.177673 -307.302246 24.787439	-0.058 -0.000 -0.000
ttt_random_ammo	1331.145508 12.790175 -7.090518	2.646 -79.260 -104.531
ttt_random_ammo	1540.888306 -39.605888 -9.219754	2.511 -70.297 -80.555
ttt_random_ammo	1633.758423 -27.047190 -9.004016	4.537 -78.985 -85.912
ttt_random_ammo	1706.817627 -23.916124 -7.447231	6.431 -69.846 -99.313
ttt_random_ammo	1759.757446 -13.513227 -7.442405	1.202 -78.759 -102.784
ttt_random_ammo	1838.532349 -8.300259 -7.799075	-5.859 -75.737 -99.775
ttt_random_ammo	1898.816528 35.441402 -15.089767	0.425 -0.003 -0.406
ttt_random_ammo	2049.678711 57.080254 -6.983629	-4.871 -73.781 -103.640
ttt_random_ammo	214.750366 86.421875 -7.210619	3.159 -79.304 -102.248
ttt_random_ammo	2418.266846 -255.367813 212.322662	0.045 0.000 -0.032
ttt_random_ammo	2431.592529 -255.498489 212.367279	0.080 0.000 0.033
ttt_random_ammo	2437.577881 -255.232056 212.372391	0.296 0.003 0.212
ttt_random_ammo	2454.241699 -255.180130 212.370544	0.299 0.003 0.218
ttt_random_ammo	2466.029785 -254.308273 212.381165	0.293 0.003 0.175
ttt_random_ammo	2479.687500 -255.027237 212.377838	0.143 0.001 0.115
ttt_random_ammo	2705.803467 78.508331 -9.352957	6.919 -64.246 -80.548
ttt_random_ammo	3217.128662 49.502193 8.357513	0.059 0.000 0.001
ttt_random_ammo	481.744080 204.747940 -7.047439	2.723 -80.304 -104.265
ttt_random_ammo	811.067627 252.029099 -6.985114	1.168 -80.263 -104.641
ttt_random_weapon	-537.281616 -249.772568 9.194525	1.937 4.719 -92.456
ttt_random_weapon	-840.777710 228.866684 17.225437	1.588 4.986 -93.254
ttt_random_weapon	-961.698608 -260.577698 9.205420	1.814 4.712 -92.737
ttt_random_weapon	-996.781128 -18.245872 9.151669	2.176 -20.424 -92.869
ttt_random_weapon	1120.739258 186.894730 8.217966	1.673 4.698 -93.061
ttt_random_weapon	1761.231689 183.637970 161.229691	1.514 4.396 -93.528
ttt_random_weapon	1852.573608 -882.528870 217.191177	1.975 4.720 -92.369
ttt_random_weapon	2062.079346 -725.361023 213.944305	5.358 -3.334 -93.909
ttt_random_weapon	235.882477 278.636688 9.207508	1.791 4.928 -92.791
ttt_random_weapon	972.562256 529.817749 9.221795	1.629 4.693 -93.160
weapon_ttt_confgrenade	-118.561668 1009.585144 65.916428	13.129 -70.744 -86.964
weapon_ttt_confgrenade	-463.550812 483.561279 18.282314	8.792 -108.476 93.385
weapon_ttt_confgrenade	1887.236694 1141.003906 162.150650	13.143 -32.677 -90.713
weapon_ttt_confgrenade	2327.674561 -685.172546 214.082138	-35.539 -56.914 -89.695
weapon_ttt_confgrenade	2873.663818 215.606964 10.154639	-36.647 -49.346 -91.399
weapon_ttt_confgrenade	2897.318359 641.251831 68.234962	-2.344 -2.759 3.076
weapon_ttt_confgrenade	595.659546 -675.348633 218.123764	13.030 -32.037 -90.304
weapon_ttt_confgrenade	961.416321 1419.106079 114.384300	6.124 66.698 -96.317
weapon_ttt_glock	-1054.715454 83.924965 7.990142	1.913 0.157 -0.192
weapon_ttt_glock	1446.541382 427.896698 37.901558	-19.733 38.681 87.778
weapon_ttt_glock	1451.068604 431.007904 37.098907	0.030 19.649 90.325
weapon_ttt_glock	1512.724121 -574.515991 217.106857	-0.559 26.614 90.879
weapon_ttt_glock	1517.959229 -581.095947 217.109375	-0.768 65.824 91.207
weapon_ttt_glock	2024.566772 1089.621094 161.115143	0.523 20.195 91.396
weapon_ttt_glock	2033.200439 1092.226318 161.060455	-0.587 24.771 90.360
weapon_ttt_glock	2133.474609 -187.408112 212.975494	0.107 -38.320 -89.412
weapon_ttt_glock	2134.389648 -188.333359 212.680832	19.432 21.787 56.270
weapon_ttt_glock	2137.479004 -191.417969 213.093491	-0.377 27.129 90.447
weapon_ttt_glock	2597.127686 1.290269 8.033808	1.906 0.150 -0.075
weapon_ttt_m16	1073.048950 118.579933 8.898568	0.100 11.483 -87.638
weapon_ttt_m16	2016.203735 -619.366455 240.072647	2.093 5.299 -93.386
weapon_ttt_m16	2261.134033 -386.916473 229.763168	-0.557 13.722 -89.757
weapon_ttt_m16	2308.125977 -155.821884 8.899249	0.122 11.849 -87.640
weapon_ttt_m16	2405.084473 -626.092957 212.861740	2.150 -5.702 83.924
weapon_ttt_m16	2481.561768 138.894974 -10.090293	1.563 -0.166 -118.903
weapon_ttt_m16	2482.040039 169.503357 8.861748	2.150 -5.702 83.924
weapon_ttt_m16	2484.203857 122.187027 9.095059	0.254 6.166 -87.208
weapon_ttt_m16	410.502563 1339.020630 128.829117	2.258 -6.193 84.153
weapon_ttt_smokegrenade	1268.237427 -176.886551 8.162632	-1.436 -1.479 -1.462
weapon_ttt_smokegrenade	1289.911255 -207.230621 8.145621	-1.799 -1.352 -1.833
weapon_ttt_smokegrenade	1334.562500 -258.871429 8.155169	-1.596 -1.414 -1.625
weapon_ttt_smokegrenade	436.333557 1779.228638 104.176918	-1.937 -1.428 -1.059
weapon_ttt_smokegrenade	454.175629 1730.374268 104.183609	-1.692 -1.464 -0.925
weapon_ttt_smokegrenade	484.043610 1757.024170 104.180748	-1.797 -1.448 -0.982
weapon_ttt_smokegrenade	937.086914 -656.170593 218.069534	-26.921 162.977 87.464
weapon_zm_mac10	1090.122192 141.219193 7.661699	-1.869 -10.640 -83.851
weapon_zm_mac10	1638.574829 1018.477905 161.541870	-1.068 -136.539 -83.562
weapon_zm_mac10	1982.747803 -253.455093 213.235626	-0.719 -51.675 -88.235
weapon_zm_mac10	2484.021240 83.503601 9.451491	-0.618 -53.065 -90.560
weapon_zm_mac10	3341.086182 150.970367 8.597953	-0.003 9.022 86.878
weapon_zm_mac10	590.163269 1174.923218 104.698479	-0.077 98.570 87.801
weapon_zm_molotov	-1009.818909 -133.842529 8.172776	-2.090 -1.401 -1.142
weapon_zm_molotov	-925.674011 -90.928787 9.648957	2.805 28.125 -90.048
weapon_zm_molotov	2161.416504 -174.361526 9.488840	18.492 53.485 -89.016
weapon_zm_molotov	2167.206787 -175.187454 8.152889	-1.644 -1.424 -1.674
weapon_zm_molotov	3283.828369 -114.764206 9.487715	18.643 48.875 -89.318
weapon_zm_molotov	3289.546387 -120.806000 8.155169	-1.596 -1.415 -1.625
weapon_zm_molotov	551.266907 -55.441284 57.693848	19.277 -132.625 -90.472
weapon_zm_molotov	576.004150 -57.273720 65.477036	19.281 54.412 -89.379
weapon_zm_pistol	-917.644226 -143.136185 8.640658	21.788 -32.028 -58.751
weapon_zm_pistol	-921.025574 -140.535721 8.952262	0.539 -36.579 -89.629
weapon_zm_pistol	1110.979614 1470.592407 112.959099	0.570 -35.152 -89.378
weapon_zm_pistol	1112.680420 1467.881470 112.680847	20.198 -31.366 -61.074
weapon_zm_pistol	2240.773926 -168.231705 8.695946	17.388 -32.057 -64.765
weapon_zm_pistol	2241.940430 -165.509476 8.731844	13.573 -32.084 -71.813
weapon_zm_pistol	2243.323242 -160.564560 8.994242	-0.230 -46.358 -90.193
weapon_zm_pistol	2245.742676 -155.377213 10.611305	0.531 -50.686 -106.776
weapon_zm_pistol	2486.440918 601.859375 160.830200	0.461 -36.214 -88.132
weapon_zm_pistol	2877.893555 708.971802 24.873215	0.506 33.384 88.883
weapon_zm_pistol	2882.540039 710.878418 24.825405	0.475 -36.213 -88.080
weapon_zm_pistol	611.634033 -64.184967 88.767990	0.113 -30.223 -87.891
weapon_zm_pistol	621.540710 -60.727509 91.448654	5.334 -14.734 108.269
weapon_zm_revolver	-596.642700 364.442657 16.874893	3.040 -16.590 -84.002
weapon_zm_revolver	-604.186462 355.629089 16.828556	3.412 -16.480 -83.362
weapon_zm_revolver	-629.805237 361.649567 16.865761	3.114 -16.571 -83.876
weapon_zm_revolver	2442.174805 -161.172485 8.982176	2.682 -17.342 -85.522
weapon_zm_revolver	2536.564209 -31.044077 8.970713	2.085 -18.692 -85.648
weapon_zm_rifle	1601.495483 1345.587158 161.213394	-0.046 15.739 -89.937
weapon_zm_rifle	2701.004883 709.014099 47.152367	3.611 12.821 65.507
weapon_zm_rifle	4.728703 1743.774292 119.204506	3.437 2.031 65.676
weapon_zm_rifle	660.748779 -581.556946 217.176941	0.896 -8.176 -84.789
weapon_zm_shotgun	-14.751882 -284.284454 42.728485	-0.118 -9.968 -89.668
weapon_zm_shotgun	1433.103516 162.255249 160.978745	-0.373 -8.919 -83.028
weapon_zm_shotgun	2106.360352 210.749435 161.489319	-0.507 -9.537 -89.297
weapon_zm_shotgun	2470.648682 565.448669 198.464951	-0.269 -9.045 -89.872
weapon_zm_shotgun	2854.470215 684.214844 25.502901	-0.518 -10.196 -89.828
weapon_zm_shotgun	3089.534668 -162.969498 26.681635	-2.249 10.932 92.273
weapon_zm_sledge	2321.560303 -615.600281 255.133514	3.080 10.145 67.420
