# Trouble in Terrorist Town weapon/ammo placement overrides
# For map: dm_island17
# Exported by: Badger
setting:	replacespawns 1
weapon_ttt_awp	11.346085 150.829788 929.226318	0.864 -8.352 -85.056
weapon_ttt_awp	-2078.666260 643.400269 -106.469994	-9.705 -48.765 97.326
weapon_ttt_awp	-199.145859 -767.296021 -493.392792	5.799 -9.382 -86.168
weapon_ttt_awp	-2294.119873 -1007.864502 -440.476105	10.937 10.964 107.458
weapon_ttt_smokegrenade	130.184189 53.433037 812.184082	-1.355 -1.382 -1.149
weapon_ttt_smokegrenade	130.775513 62.348652 812.174683	-1.816 -1.207 -1.267
weapon_ttt_smokegrenade	396.570496 -179.357437 40.154041	-1.620 -1.419 -1.649
weapon_ttt_smokegrenade	392.932129 -173.225189 40.198616	-0.670 -1.565 -0.679
weapon_ttt_smokegrenade	400.079071 -172.609726 40.166550	-1.357 -1.483 -1.374
weapon_ttt_smokegrenade	-1144.075073 1568.947144 -138.329559	20.682 -22.414 105.177
weapon_ttt_smokegrenade	-1159.971924 1565.334595 -141.175339	28.040 -41.730 105.078
weapon_ttt_smokegrenade	-1149.996094 1570.144287 -139.162277	11.984 128.706 -105.233
weapon_ttt_smokegrenade	-1634.343140 -816.179199 -175.835373	-1.394 -1.486 -1.419
weapon_ttt_smokegrenade	-1634.435059 -801.848816 -175.841537	-1.525 -1.456 -1.553
weapon_ttt_smokegrenade	-1628.133911 -816.451904 -175.848846	-0.943 -0.788 -0.778
weapon_ttt_smokegrenade	-2341.910400 946.811157 -276.590607	-2.166 0.301 -3.558
weapon_ttt_smokegrenade	-2340.133057 953.220032 -275.960938	-17.418 15.924 -19.074
weapon_ttt_smokegrenade	157.623703 745.382629 -497.993774	20.221 -0.985 -103.326
weapon_ttt_smokegrenade	140.025925 728.314758 -494.475708	15.229 -12.732 -102.784
weapon_ttt_smokegrenade	209.046219 -43.525921 -480.729919	-0.000 43.680 0.000
weapon_ttt_smokegrenade	205.720352 -36.146496 -481.869537	-2.123 -1.113 -2.164
weapon_ttt_smokegrenade	-1211.868042 -1377.691284 -451.989044	21.717 -51.194 -91.314
weapon_ttt_smokegrenade	-1216.708740 -1366.502075 -451.758575	25.766 -55.366 -89.839
weapon_ttt_smokegrenade	-1202.593506 -1374.198242 -451.821381	24.888 56.495 90.905
weapon_ttt_pump	15.924480 -63.935463 801.465637	-1.293 -84.360 87.328
weapon_ttt_pump	-1159.342896 1559.876099 -143.035049	-10.960 14.059 96.655
weapon_ttt_pump	-1249.232910 -846.447510 -326.383484	-1.860 9.986 86.841
weapon_ttt_pump	-1226.543701 -548.091125 -182.623199	-0.054 -18.966 -88.610
ttt_random_weapon	42.301563 -21.514309 673.142944	2.231 44.341 -92.916
ttt_random_weapon	-216.910828 -53.908443 25.235189	1.478 5.454 -93.507
ttt_random_weapon	-296.122345 -52.311687 25.228100	1.558 6.305 -93.323
ttt_random_weapon	-1736.066650 356.778687 -259.339783	-5.636 -10.523 178.663
ttt_random_weapon	-1699.934692 379.929626 -259.442749	-2.326 -8.224 95.122
ttt_random_weapon	17.623846 570.971985 -232.683563	-8.532 7.557 -92.037
ttt_random_weapon	6.805225 553.014160 -235.480331	-8.413 7.197 -91.600
ttt_random_weapon	-1441.143921 -594.283875 -174.793732	1.805 4.927 -92.758
ttt_random_weapon	-1232.644775 -462.931030 -182.783447	1.689 4.767 -93.024
ttt_random_weapon	-1053.944336 194.748093 -313.718262	2.615 2.983 -92.825
ttt_random_weapon	-1287.232300 710.512817 -480.137177	-0.738 3.202 85.804
ttt_random_weapon	-1883.288330 990.095459 -480.813660	7.406 1.630 -96.989
ttt_random_weapon	126.263405 777.619080 -495.603973	2.361 -20.193 96.173
ttt_random_weapon	134.865707 749.500916 -498.856384	2.163 21.330 73.972
ttt_random_weapon	54.757576 16.984674 -486.883575	-23.889 1.484 84.142
ttt_random_weapon	-331.451385 -1111.663452 -493.353577	-5.826 -8.809 87.292
ttt_random_weapon	-989.453308 368.278625 58.794365	-2.541 10.084 -105.131
ttt_random_weapon	-1294.855225 1496.884766 -482.533783	-0.181 98.289 106.693
ttt_random_weapon	-944.709656 1075.405518 193.241150	1.410 15.077 -93.662
ttt_random_weapon	-1070.235352 881.526978 193.216064	1.694 4.767 -93.012
weapon_ttt_dualelite	-1625.879028 -604.105591 -183.942123	2.076 -14.737 0.540
weapon_ttt_dualelite	-14.787390 304.109283 31.961390	1.959 0.154 -0.055
weapon_ttt_dualelite	-1045.682617 880.284973 113.487144	1.790 -0.345 -0.093
weapon_ttt_dualelite	68.465515 -740.722717 -506.986084	16.329 1.752 6.370
weapon_ttt_dualelite	-1958.844360 33.870705 -319.935455	1.460 0.698 -0.236
weapon_ttt_dualelite	-2006.521729 1642.580933 -482.849457	-0.355 0.213 -8.113
weapon_ttt_dualelite	-1738.082275 417.524872 -257.996307	4.022 1.223 5.451
weapon_ttt_dualelite	-255.913239 1537.543091 80.181503	13.210 1.346 2.641
weapon_ttt_dualelite	-887.551392 742.895020 136.984955	8.055 10.860 -156.500
weapon_ttt_dualelite	-898.359253 268.905365 63.861820	14.869 0.266 -1.602
weapon_ttt_dualelite	-142.942719 763.341003 -13.200631	2.286 -0.040 -1.252
weapon_ttt_dualelite	-7.690003 -177.959167 31.984850	2.039 0.149 -0.050
item_ammo_smg1_ttt	34.150219 202.356064 33.309723	-8.079 0.548 0.257
item_ammo_smg1_ttt	48.653904 203.076309 34.140850	-2.750 -0.323 4.340
item_ammo_smg1_ttt	392.596039 273.736938 32.539749	-0.143 3.044 0.006
item_ammo_smg1_ttt	351.033508 265.875122 32.430599	0.756 -0.002 0.495
item_ammo_smg1_ttt	413.369904 287.691986 32.549194	0.042 1.158 -0.027
item_ammo_smg1_ttt	404.762268 260.585999 34.287064	1.596 -1.768 2.340
item_ammo_smg1_ttt	-1363.547607 990.009155 -63.448540	0.653 -0.013 0.517
item_ammo_smg1_ttt	-1342.202271 989.939697 -63.453266	0.050 -0.810 0.146
item_ammo_smg1_ttt	-1261.507568 758.012451 -79.531456	0.139 -0.213 0.510
item_ammo_smg1_ttt	-1246.034668 739.470337 -79.485558	-0.769 0.057 -0.179
item_ammo_smg1_ttt	604.256226 636.753418 -167.828156	3.547 -7.467 8.364
item_ammo_smg1_ttt	587.544434 655.468018 -164.372757	1.627 -0.429 4.971
item_ammo_smg1_ttt	200.949356 173.390091 -481.470123	0.474 1.215 -0.087
item_ammo_smg1_ttt	183.911148 174.010498 -481.539490	-0.096 0.116 0.390
item_ammo_smg1_ttt	-246.624527 -778.709961 -489.571198	5.269 -4.915 -1.345
item_ammo_smg1_ttt	-278.397858 -771.726257 -486.913757	5.269 0.008 -0.963
item_ammo_smg1_ttt	-1133.915771 -906.498535 -328.257965	0.352 -0.121 4.253
item_ammo_smg1_ttt	-1114.799072 -921.043640 -329.410950	0.327 -0.103 4.123
item_ammo_smg1_ttt	-1447.763916 -814.082336 -183.206436	-0.831 -0.119 -1.116
item_ammo_smg1_ttt	-521.861877 1674.010742 70.599335	1.066 28.626 -15.943
item_ammo_smg1_ttt	-524.980896 1653.289063 77.878265	-21.996 -3.200 -18.120
item_ammo_smg1_ttt	-1750.063965 1150.679199 -479.208221	-47.924 -16.098 -6.480
item_ammo_smg1_ttt	-1734.549805 1167.901001 -482.654266	-17.455 -0.286 -3.764
item_ammo_smg1_ttt	-1279.120117 1980.807007 -487.832581	85.475 106.713 110.800
weapon_ttt_m16	260.251251 83.899345 41.688751	8.400 8.085 -94.271
weapon_ttt_m16	-181.062546 844.265442 -231.258270	-3.773 0.734 -81.679
weapon_ttt_m16	-1022.539917 -800.947021 -320.507904	0.662 9.381 -80.718
ttt_playerspawn	-1428.066406 -448.287720 -183.459229	0.096 179.888 0.006
ttt_playerspawn	-1578.744507 -679.667664 -183.488358	-0.015 -0.000 0.015
ttt_playerspawn	-2195.625977 -988.412964 -447.439667	-0.126 44.985 0.000
ttt_playerspawn	-2039.502563 72.417046 -319.406403	0.111 3.519 -0.121
ttt_playerspawn	-2023.943848 1064.852417 -239.471725	-0.179 -1.596 -0.156
ttt_playerspawn	-1858.947998 1211.517700 -489.414703	-1.178 -23.241 1.050
ttt_playerspawn	-1241.983521 1203.430908 -491.781738	-11.968 179.978 0.126
ttt_playerspawn	181.300278 97.336113 -481.532990	0.021 -90.000 -0.021
ttt_playerspawn	-247.082001 -116.251205 24.543354	0.188 0.027 -0.010
ttt_playerspawn	373.791656 27.409765 32.559723	0.132 -85.682 -0.004
ttt_playerspawn	14.795008 259.614838 32.457481	-0.013 -0.000 -0.013
ttt_playerspawn	-34.022236 48.061886 928.498718	0.022 180.000 0.022
ttt_playerspawn	-30.096895 -36.161316 800.480347	0.066 90.001 -0.018
ttt_playerspawn	-2031.911011 670.335632 -239.430801	0.172 103.577 -0.164
ttt_playerspawn	-1484.688110 712.198181 -79.411659	0.122 -90.054 -0.126
ttt_playerspawn	-1134.665161 1119.753540 -63.485680	0.009 -90.000 0.009
ttt_playerspawn	-936.534912 961.000427 192.533066	-0.037 -0.000 0.037
ttt_playerspawn	-1443.435303 -13.937243 -319.034851	-1.621 91.093 -2.856
ttt_playerspawn	-1277.945313 528.351379 -297.076233	3.176 -90.061 -1.559
ttt_playerspawn	-914.251587 -1031.207520 -332.297943	0.149 136.059 0.000
ttt_playerspawn	-1508.109619 -738.703125 -319.458496	-0.012 -0.187 -0.126
ttt_playerspawn	-283.902161 2129.595215 15.182920	-1.404 89.929 -0.187
ttt_playerspawn	-964.716370 1295.455322 193.928665	0.000 45.000 0.000
ttt_playerspawn	132.472244 1959.245850 7.685397	-1.632 137.891 10.761
ttt_playerspawn	-216.167526 1356.097534 82.462929	-0.000 -90.000 0.000
ttt_playerspawn	-949.245178 294.001617 65.549522	-5.718 -90.246 0.146
ttt_playerspawn	-2309.834473 -437.314911 -446.156403	-3.530 -0.041 0.217
ttt_playerspawn	-2158.292480 640.595947 -268.178223	0.000 -45.000 0.000
ttt_playerspawn	-359.899597 494.060730 -266.266113	2.585 -134.998 -0.663
ttt_playerspawn	555.115479 -490.343262 -279.646332	-6.080 45.623 -3.512
weapon_ttt_galil	402.692841 253.597504 32.702347	0.385 -5.217 82.774
weapon_ttt_galil	414.763153 265.525452 33.019344	0.173 3.053 -86.658
weapon_ttt_galil	-1120.694458 -940.778564 -330.349243	0.570 -4.646 86.994
item_box_buckshot_ttt	-6.351186 -83.019714 800.341064	0.530 0.003 -0.419
item_box_buckshot_ttt	-6.396978 -57.699924 800.375977	0.661 -0.000 -0.446
item_box_buckshot_ttt	21.269600 -80.192085 800.382385	-0.390 0.001 0.401
item_box_buckshot_ttt	282.409943 -42.157539 32.619808	0.092 0.071 2.764
item_box_buckshot_ttt	270.966370 -41.833069 32.591934	0.074 -0.235 3.490
item_box_buckshot_ttt	-1147.466064 1540.455444 -146.776627	-7.071 -1.838 13.255
item_box_buckshot_ttt	-1170.235718 1541.439819 -145.418488	-6.771 -2.209 102.858
item_box_buckshot_ttt	-1448.192627 947.394348 -79.621857	0.284 0.003 -0.142
item_box_buckshot_ttt	-1456.716431 961.653564 -79.578209	-0.713 -0.006 0.634
item_box_buckshot_ttt	-1444.327148 1003.063416 -79.623276	0.484 0.018 -0.305
item_box_buckshot_ttt	744.269836 594.062622 -181.236404	2.026 -0.140 7.158
item_box_buckshot_ttt	982.400757 36.781151 -54.076748	0.075 -0.007 -0.206
item_box_buckshot_ttt	999.039734 73.193794 -54.100365	0.262 -0.094 0.604
item_box_buckshot_ttt	-1227.195923 -837.436584 -326.495850	-1.266 -0.260 1.713
item_box_buckshot_ttt	-1223.033081 -549.855530 -182.233826	-0.227 -2.341 19.486
item_ammo_357_ttt	5.711599 147.714615 928.323914	0.449 0.069 0.059
item_ammo_357_ttt	25.378714 144.148804 928.368958	0.524 -0.100 -0.017
item_ammo_357_ttt	2.528548 132.310638 928.371460	0.458 0.057 0.040
item_ammo_357_ttt	17.502892 -26.418850 928.338562	0.452 0.065 0.053
item_ammo_357_ttt	6.688918 -48.014717 928.328247	0.450 0.068 0.057
item_ammo_357_ttt	27.503321 -42.422474 928.346313	0.453 0.062 0.050
item_ammo_357_ttt	-1219.880249 928.494568 72.432816	0.698 -0.294 -0.682
item_ammo_357_ttt	-1219.923340 916.575256 72.361679	0.615 -0.071 -0.135
item_ammo_357_ttt	-1214.984497 946.428955 72.355385	0.456 0.062 0.045
item_ammo_357_ttt	-1495.864746 1229.967651 -79.615944	0.461 0.057 0.034
item_ammo_357_ttt	-1513.379761 1217.318115 -79.659378	0.453 0.066 0.051
item_ammo_357_ttt	-2061.056641 632.800476 -275.500916	7.645 -8.507 8.261
item_ammo_357_ttt	-2050.803467 632.529053 -276.591431	7.512 -7.577 8.273
item_ammo_357_ttt	-2094.024902 637.270874 -111.010307	12.344 -136.867 10.432
item_ammo_357_ttt	-188.875168 -746.504150 -495.426361	5.785 0.410 -0.901
item_ammo_357_ttt	-182.067200 -750.572693 -495.837189	5.779 -0.261 -0.981
item_ammo_357_ttt	-1353.285278 -817.753174 -183.625656	1.080 1.018 0.005
item_ammo_357_ttt	-1334.672607 -801.776001 -183.649933	0.455 0.064 0.047
item_ammo_357_ttt	-2303.135010 -1040.648071 -446.626312	16.208 8.478 11.775
item_ammo_357_ttt	-2290.819092 -1039.059814 -448.537445	7.246 -0.985 0.087
item_ammo_revolver_ttt	-1557.177734 -405.715393 -319.533813	0.542 0.383 -0.103
item_ammo_revolver_ttt	-1539.363647 -421.969452 -319.618622	0.460 0.056 0.035
item_ammo_revolver_ttt	-1547.276367 -406.656586 -318.687469	1.948 1.600 11.178
item_ammo_revolver_ttt	99.286987 -19.031990 800.319397	0.448 0.073 0.060
item_ammo_revolver_ttt	109.541702 -33.979694 800.450134	1.774 -0.336 -1.072
item_ammo_revolver_ttt	142.864685 -27.727533 800.429077	0.650 0.628 0.145
item_ammo_revolver_ttt	-1265.292236 787.555847 72.314842	0.448 0.075 0.061
item_ammo_revolver_ttt	-1259.131592 798.186829 72.449867	1.050 0.255 -0.694
item_ammo_revolver_ttt	-1207.565430 -823.803711 -183.570831	0.588 0.328 0.045
item_ammo_revolver_ttt	-1219.250854 -816.834961 -183.642883	0.456 0.062 0.045
item_ammo_revolver_ttt	-2311.015869 -956.434753 -444.108948	-41.867 -178.382 179.997
item_ammo_revolver_ttt	-2291.880127 -961.343262 -448.969757	-1.189 0.095 -0.033
item_ammo_revolver_ttt	-795.947632 -859.598267 -451.042572	6.340 -0.152 6.028
item_ammo_revolver_ttt	-803.944946 -874.688782 -451.927094	6.520 -0.106 6.033
item_ammo_revolver_ttt	-781.691162 -871.554565 -453.655884	7.136 -0.377 5.846
item_ammo_revolver_ttt	-2326.380615 985.710754 -275.934326	-0.961 0.209 0.152
item_ammo_revolver_ttt	-2320.053467 983.125732 -275.762787	-1.417 -1.043 -0.520
item_ammo_revolver_ttt	-124.024849 1948.571045 30.941818	3.024 4.708 -8.788
item_ammo_revolver_ttt	-144.555206 1956.076660 30.469904	2.027 -0.082 -9.104
item_ammo_revolver_ttt	173.950790 228.834351 928.334534	0.451 0.065 0.054
item_ammo_revolver_ttt	159.869812 236.019760 928.328247	0.450 0.068 0.057
item_ammo_revolver_ttt	-1625.974365 -807.046753 -319.634674	0.458 0.060 0.041
item_ammo_revolver_ttt	-1611.909912 -791.313721 -319.595428	0.465 0.056 0.026
ttt_random_ammo	119.550598 240.235718 800.351196	0.052 0.000 -0.011
ttt_random_ammo	144.486511 245.321121 800.458374	0.179 -0.302 0.278
ttt_random_ammo	130.895523 239.548584 800.320129	0.047 0.000 -0.034
ttt_random_ammo	143.847687 240.438339 800.404175	0.427 -0.867 0.382
ttt_random_ammo	246.452347 164.524643 32.317425	0.047 0.000 -0.035
ttt_random_ammo	251.543182 156.635025 32.390312	0.461 0.003 0.506
ttt_random_ammo	248.875061 181.528961 32.332798	0.046 0.000 -0.028
ttt_random_ammo	255.271088 164.062378 32.372757	0.106 0.000 0.066
ttt_random_ammo	-206.984344 -175.765411 24.488985	0.689 -0.397 0.226
ttt_random_ammo	-212.719589 -177.214798 24.470137	0.347 2.898 0.149
ttt_random_ammo	-218.693924 -174.566376 24.467541	0.450 -0.232 0.066
ttt_random_ammo	-207.997421 -170.395233 24.372757	0.109 0.000 0.069
ttt_random_ammo	-214.279434 -169.142242 24.435316	1.541 -0.099 0.640
ttt_random_ammo	-1029.141479 918.901123 112.707260	-0.002 16.763 -0.003
ttt_random_ammo	-1042.331787 923.267151 114.013702	-0.314 0.046 -0.397
ttt_random_ammo	-1052.645264 926.921021 113.871475	-0.663 -0.419 -0.847
ttt_random_ammo	-1718.172729 350.175995 -263.660858	-0.490 4.302 5.316
ttt_random_ammo	-1725.093506 340.175018 -264.598297	-0.090 -0.215 5.614
ttt_random_ammo	-1746.053345 354.763641 -263.303711	0.772 -12.227 5.052
ttt_random_ammo	-1724.386963 373.266632 -259.390076	-1.152 11.648 94.584
ttt_random_ammo	-1709.985962 365.026001 -260.118958	-1.024 179.631 -95.148
ttt_random_ammo	-1703.210205 360.015778 -262.752380	0.135 -0.380 5.379
ttt_random_ammo	-1711.007446 343.509552 -264.321106	-0.079 -0.289 6.397
ttt_random_ammo	-1746.886353 397.196320 -257.242828	0.686 -0.980 95.147
ttt_random_ammo	-1846.228638 547.265808 -303.669891	1.972 2.218 10.078
ttt_random_ammo	-1840.248657 531.751770 -306.127533	1.998 2.072 9.336
ttt_random_ammo	-1825.085815 522.859680 -306.528900	-6.612 1.034 2.940
ttt_random_ammo	216.742111 1079.017700 -182.144852	-8.458 1.942 3.162
ttt_random_ammo	230.098267 1055.013550 -178.657944	-81.980 -154.689 166.109
ttt_random_ammo	202.168518 1062.768188 -185.006790	-9.071 1.696 3.181
ttt_random_ammo	201.466721 1045.189087 -186.150040	-8.855 1.770 3.176
ttt_random_ammo	-7.315142 538.298035 -239.302612	-9.092 2.005 3.028
ttt_random_ammo	2.876593 563.151794 -234.084595	-2.552 -44.558 98.215
ttt_random_ammo	727.534424 584.986206 -181.602051	1.944 2.218 7.453
ttt_random_ammo	715.875122 579.534119 -181.883224	2.454 0.298 6.582
ttt_random_ammo	720.693054 589.165466 -180.889816	1.932 2.250 8.459
ttt_random_ammo	-1408.799194 -800.864502 -183.655426	0.048 0.000 -0.019
ttt_random_ammo	-1452.889771 -798.897705 -180.404144	-88.268 -61.089 65.958
ttt_random_ammo	-1427.523560 -817.776917 -183.674698	0.046 0.000 -0.031
ttt_random_ammo	-1218.412476 -483.991333 -183.620560	0.167 0.001 0.144
ttt_random_ammo	-1233.298340 -482.597534 -183.617630	0.210 -0.001 -0.197
ttt_random_ammo	-1101.691895 212.411057 -313.330048	1.440 -0.397 0.584
ttt_random_ammo	-1060.642090 226.616592 -314.005951	2.405 -1.055 0.667
ttt_random_ammo	-1080.928711 204.773773 -313.919525	1.641 -0.350 0.525
ttt_random_ammo	-1297.217529 715.700134 -478.984955	1.343 -6.979 -89.620
ttt_random_ammo	-1287.536377 723.024902 -479.093384	88.341 -177.664 176.756
ttt_random_ammo	-1891.550537 983.254944 -478.280518	81.980 -166.592 -174.206
ttt_random_ammo	-1891.581299 998.744812 -478.643127	79.692 -152.905 -161.500
ttt_random_ammo	158.156982 761.568604 -497.121765	-81.952 -55.382 102.682
ttt_random_ammo	159.769241 768.057495 -498.069763	1.256 -6.621 33.742
ttt_random_ammo	144.800308 763.972595 -496.740509	-83.519 108.635 -10.303
ttt_random_ammo	57.399689 -5.835764 -485.735901	-58.409 178.804 -176.210
ttt_random_ammo	63.655434 -6.090872 -483.306427	-64.632 3.708 1.413
ttt_random_ammo	-356.694611 -1110.586792 -496.566498	-5.099 0.753 1.931
ttt_random_ammo	-336.659943 -1103.590576 -494.783264	-5.729 0.690 1.881
ttt_random_ammo	-325.344971 -1102.817139 -493.838013	-5.314 0.741 1.913
ttt_random_ammo	-997.962036 349.915924 59.731438	0.952 0.879 -6.688
ttt_random_ammo	-998.547546 359.065338 60.949360	-2.861 15.783 -83.070
ttt_random_ammo	-218.115692 -26.318714 19.117651	-8.612 2.171 2.219
ttt_random_ammo	-229.760422 -23.068869 17.646692	-9.056 6.179 1.495
ttt_random_ammo	-224.293671 -18.736490 18.619232	-8.768 1.847 2.377
ttt_random_ammo	-222.828094 -13.859170 18.955671	-6.823 1.613 2.503
ttt_random_ammo	-765.073364 324.256805 -292.763367	-0.740 -7.251 5.779
ttt_random_ammo	-759.367859 315.494751 -290.853912	-2.174 -1.628 -86.173
ttt_random_ammo	-752.148010 315.434998 -290.544189	-3.012 5.401 93.077
ttt_random_ammo	-1996.089355 154.608505 -347.385040	-1.846 0.073 68.063
ttt_random_ammo	-1996.331909 169.044754 -345.338562	0.538 -6.400 -82.240
ttt_random_ammo	-1995.784302 157.079056 -346.776367	-1.357 -1.646 -83.258
ttt_random_ammo	-2307.197266 259.658417 -359.513641	1.175 0.033 1.423
ttt_random_ammo	-2296.284180 261.287994 -359.511078	0.823 -0.019 0.997
ttt_random_ammo	-2295.738525 247.729385 -359.634583	0.077 0.000 0.026
ttt_random_ammo	-2291.754883 31.097382 -359.657715	0.048 0.000 -0.021
ttt_random_ammo	-2307.642090 35.481033 -359.549500	0.867 0.023 1.106
ttt_random_ammo	-508.643097 -120.586365 -39.774399	-8.965 5.121 2.386
ttt_random_ammo	-521.790588 -120.600365 -38.397762	-87.398 -176.034 -168.381
ttt_random_ammo	-529.516602 -143.420303 -42.885899	-1.568 -1.305 7.268
ttt_random_ammo	-520.305725 -119.469063 -39.124271	-0.451 -58.571 -81.948
ttt_random_ammo	-505.643219 -137.439072 -39.881008	-10.585 0.789 0.382
ttt_random_ammo	386.645660 1488.787109 -82.550346	2.048 0.865 100.546
ttt_random_ammo	390.678009 1472.166504 -85.851631	2.203 0.223 100.513
ttt_random_ammo	398.558838 1467.926636 -87.065331	2.177 0.219 100.513
ttt_random_ammo	398.108398 1486.548096 -83.693016	3.345 0.898 99.893
ttt_random_ammo	826.142273 835.341980 -175.531311	4.843 1.168 -0.377
ttt_random_ammo	836.286682 838.986084 -176.375793	6.148 1.902 0.055
ttt_random_ammo	832.536682 837.175415 -162.407013	-85.426 16.942 -3.108
ttt_random_ammo	822.329712 821.002563 -175.248734	4.628 0.480 -0.329
ttt_random_ammo	1008.872681 57.224113 -264.570618	-0.058 -0.013 6.900
ttt_random_ammo	1002.713684 71.033325 -263.145264	-0.074 -0.006 6.595
ttt_random_ammo	1013.743347 47.056503 -263.403351	0.124 -0.887 95.348
ttt_random_ammo	777.931824 -238.343307 -175.650986	0.050 0.000 -0.014
ttt_random_ammo	763.123352 -220.900940 -175.655441	0.048 0.000 -0.019
ttt_random_ammo	749.453857 -234.216827 -175.642502	0.059 0.000 0.000
ttt_random_ammo	-430.047821 -447.202637 -308.138275	-1.386 -0.668 4.131
ttt_random_ammo	-427.282806 -436.487610 -307.998505	-4.726 -0.506 -2.210
ttt_random_ammo	-424.220215 -441.325867 -307.654144	-1.395 -0.190 4.681
ttt_random_ammo	-423.168823 -453.714447 -308.391052	-1.339 -0.632 4.878
ttt_random_ammo	-2076.273193 844.363525 -239.513611	1.031 -1.812 -1.249
ttt_random_ammo	-2068.578125 848.669067 -237.457336	-0.388 0.190 -89.120
ttt_random_ammo	-2063.260010 844.674255 -239.506683	-2.015 0.019 2.568
ttt_random_ammo	-1217.163696 885.830261 -487.281189	-58.109 177.820 159.909
ttt_random_ammo	-1216.588135 878.268677 -488.038971	-1.738 -88.211 120.688
ttt_random_ammo	-1216.077637 878.414490 -487.711243	57.430 0.012 -3.730
ttt_random_ammo	-1293.919556 1495.520996 -477.898315	57.189 -172.286 -170.108
ttt_random_ammo	-1274.544678 1512.067749 -484.138275	-84.036 53.188 -26.079
ttt_random_ammo	-1614.125854 1706.403809 -470.141449	-2.382 1.823 -18.319
ttt_random_ammo	-1625.969604 1693.990723 -466.735291	-3.024 -4.292 -98.997
ttt_random_ammo	-1621.457520 1705.837280 -470.390320	-4.622 -11.781 -15.173
ttt_random_ammo	-1624.155640 1702.664307 -465.292877	-5.057 -13.196 -9.791
ttt_random_ammo	-2543.906250 1490.906738 -472.108429	-0.634 0.789 -8.200
ttt_random_ammo	-2536.312256 1485.256836 -471.359711	-0.683 0.637 -7.327
ttt_random_ammo	-2526.179199 1482.505493 -470.937927	-0.661 0.688 -7.758
ttt_random_ammo	-2214.014648 308.398254 -447.670898	0.023 -0.151 0.265
ttt_random_ammo	-2217.045654 330.546539 -447.663788	0.025 -0.150 0.275
ttt_random_ammo	-2230.153564 333.235779 -447.582825	0.005 -0.153 0.142
ttt_random_ammo	-1264.449463 929.756653 192.377838	0.147 0.001 0.119
ttt_random_ammo	-1253.397217 929.025574 192.439148	1.165 0.029 1.407
ttt_random_ammo	-949.006775 1060.355957 194.708557	88.786 -44.762 -89.978
ttt_random_ammo	-928.244812 1067.555664 192.327866	0.046 -0.000 0.030
ttt_random_ammo	-1073.609741 847.840088 192.335236	0.046 0.000 -0.026
ttt_random_ammo	-1090.661255 842.446899 192.394653	1.081 0.014 1.262
ttt_random_ammo	-1079.422974 853.113098 192.443283	1.080 0.028 1.305
ttt_random_ammo	-561.497864 988.177124 117.880287	69.135 177.185 179.669
ttt_random_ammo	-559.545044 978.471558 115.296944	80.922 170.112 174.354
ttt_random_ammo	590.849487 74.865868 32.444092	0.572 -0.382 0.568
ttt_random_ammo	583.630371 76.945564 35.587116	-88.194 -97.137 89.958
ttt_random_ammo	592.069092 87.563332 32.357494	0.058 0.000 0.000
ttt_random_ammo	-1923.270142 738.020142 -239.502518	-0.527 -0.851 0.689
ttt_random_ammo	-1915.376709 737.680237 -239.593735	0.469 -0.155 2.783
ttt_random_ammo	-1923.230347 733.081482 -239.509415	0.549 -1.193 0.655
ttt_random_ammo	-1413.873657 -380.406830 -323.532562	0.150 -3.721 0.559
ttt_random_ammo	-1417.489136 -375.194214 -323.541443	0.319 0.725 1.076
ttt_random_ammo	-1414.917603 -368.336395 -323.566650	-0.174 -0.433 0.504
ttt_random_ammo	-1063.412964 -106.240891 -316.865265	1.123 -0.270 0.031
ttt_random_ammo	-1074.067505 -106.873947 -316.751892	0.489 -0.081 0.965
ttt_random_ammo	151.400604 773.963074 -495.402039	-0.562 3.557 101.729
ttt_random_ammo	141.108521 778.322205 -494.484222	-0.577 2.694 -67.181
ttt_random_ammo	160.149170 778.760193 -494.619019	1.884 -6.755 72.962
ttt_random_ammo	164.213882 181.280640 -481.501434	-0.424 0.206 0.514
ttt_random_ammo	170.173447 166.767136 -481.543640	-1.310 -0.032 1.590
weapon_zm_rifle	10.420959 -29.318987 927.108459	3.704 12.664 65.591
weapon_zm_rifle	-1236.376465 905.816589 83.790520	-0.088 92.969 -90.217
weapon_zm_rifle	-1510.121948 1235.706177 -60.723545	62.985 -96.718 86.434
weapon_zm_rifle	-1318.782349 -806.992188 -184.875427	3.614 12.655 65.141
weapon_zm_mac10	40.824997 209.448761 33.279976	0.404 -51.593 -88.310
weapon_zm_mac10	-1249.966797 759.607361 -76.935844	-5.514 -25.754 -38.368
weapon_zm_mac10	-265.063477 -770.213135 -487.768890	3.461 57.711 91.307
weapon_zm_mac10	-1445.683472 -801.245972 -182.742188	-0.438 -46.035 -88.115
weapon_zm_mac10	-1732.283081 1168.807007 -483.527527	-4.509 -55.460 -89.543
weapon_zm_mac10	-1278.043091 1989.080933 -493.921509	0.595 -46.533 -94.277
item_ammo_pistol_ttt	-1585.018555 -552.843506 -337.039215	-5.169 -0.235 -1.552
item_ammo_pistol_ttt	-1598.129517 -552.647095 -338.177612	-6.081 -0.530 -1.316
item_ammo_pistol_ttt	-1571.335815 -544.416687 -335.795593	-5.392 -0.052 0.595
item_ammo_pistol_ttt	-1610.948730 -596.908569 -183.527832	0.197 0.084 0.109
item_ammo_pistol_ttt	-1617.082764 -611.572388 -183.514114	0.386 0.443 -0.068
item_ammo_pistol_ttt	-1603.684814 -609.040894 -183.515503	1.160 -31.403 -0.283
item_ammo_pistol_ttt	238.425644 90.282219 929.234985	-4.449 -0.111 -3.826
item_ammo_pistol_ttt	256.257385 90.226021 931.259094	89.890 -179.772 -179.991
item_ammo_pistol_ttt	245.090775 107.802582 928.347595	-0.132 -0.019 -0.040
item_ammo_pistol_ttt	212.771545 96.585419 320.451691	-0.364 0.404 -0.424
item_ammo_pistol_ttt	191.003647 120.661278 307.234680	-89.817 162.533 -160.573
item_ammo_pistol_ttt	170.601486 152.238922 288.456238	-0.255 0.926 -0.359
item_ammo_pistol_ttt	-0.326166 302.348907 32.438786	-0.682 0.168 -0.594
item_ammo_pistol_ttt	254.084579 77.483284 46.676495	78.964 -179.774 173.558
item_ammo_pistol_ttt	240.070740 107.670647 41.252102	78.856 -114.964 -114.154
item_ammo_pistol_ttt	247.461594 77.452469 46.181053	36.719 2.852 0.354
item_ammo_pistol_ttt	576.869568 -171.440063 49.742317	-8.772 0.816 -10.199
item_ammo_pistol_ttt	580.671631 -149.951752 47.584396	-9.208 -0.638 -4.953
item_ammo_pistol_ttt	-304.208984 -168.741669 25.941174	-0.486 -1.134 -10.201
item_ammo_pistol_ttt	-1424.424683 1133.896118 -63.594456	-0.081 -0.020 -0.025
item_ammo_pistol_ttt	-1314.825806 1017.458435 20.897657	0.540 -1.617 -1.299
item_ammo_pistol_ttt	-1332.480835 1017.454956 20.941078	0.585 -1.494 -1.335
item_ammo_pistol_ttt	-1687.364990 436.751831 -255.929016	0.066 0.001 5.249
item_ammo_pistol_ttt	-1692.727783 415.183594 -257.881744	0.066 0.001 5.249
item_ammo_pistol_ttt	-1705.891357 419.774048 -257.447479	0.005 -0.008 5.213
item_ammo_pistol_ttt	-176.423584 873.148621 -229.977692	-6.156 -0.881 2.620
item_ammo_pistol_ttt	-173.198853 853.945801 -228.277847	1.002 2.849 -3.050
item_ammo_pistol_ttt	-200.096085 880.128418 -232.033722	-6.530 0.866 2.634
item_ammo_pistol_ttt	186.308456 154.526123 -481.565613	-0.258 0.509 -0.502
item_ammo_pistol_ttt	54.885635 -771.117432 -507.450714	8.059 0.617 5.368
item_ammo_pistol_ttt	86.030960 -752.487854 -509.089569	74.352 160.261 164.124
item_ammo_pistol_ttt	77.547630 -762.855042 -508.898712	56.478 7.180 9.538
item_ammo_pistol_ttt	-1056.636230 -791.337402 -320.944611	-1.817 0.084 1.849
item_ammo_pistol_ttt	-1034.522095 -785.834961 -318.461884	-1.036 -0.430 -8.587
item_ammo_pistol_ttt	-1981.731567 32.233219 -319.522461	0.202 -0.364 0.072
item_ammo_pistol_ttt	-1967.261841 26.176092 -316.648438	-89.139 -179.307 178.868
item_ammo_pistol_ttt	-1743.076660 -147.554657 -383.329193	-0.021 -0.035 3.365
item_ammo_pistol_ttt	-1752.020020 -142.091446 -383.162354	0.093 -0.029 3.385
item_ammo_pistol_ttt	-1234.687988 615.736206 -291.885986	4.392 1.242 6.377
item_ammo_pistol_ttt	-1226.967407 604.290833 -293.667542	3.576 -0.146 6.236
item_ammo_pistol_ttt	-1782.731689 856.103027 -238.772583	-0.210 0.380 5.246
item_ammo_pistol_ttt	-1798.099487 860.958069 -239.641388	-0.122 -0.019 -0.037
item_ammo_pistol_ttt	-1937.536499 1094.293823 -183.505066	0.006 4.011 -0.095
item_ammo_pistol_ttt	-358.261475 1647.936523 77.323341	-0.581 -2.436 -16.466
item_ammo_pistol_ttt	-340.494598 1699.490112 73.698669	-4.311 -13.490 163.973
item_ammo_pistol_ttt	-349.260132 1672.192749 70.916130	17.508 -1.338 -17.057
item_ammo_pistol_ttt	-1335.847900 1250.825928 -482.404755	4.318 -12.406 23.832
item_ammo_pistol_ttt	-1158.619141 2060.614990 -525.649536	7.307 0.457 -5.372
item_ammo_pistol_ttt	-1176.680908 2058.822754 -523.382935	7.752 0.420 -5.376
item_ammo_pistol_ttt	-2291.717285 1656.440674 -427.081451	74.644 166.665 166.822
item_ammo_pistol_ttt	-2304.114502 1670.110107 -428.657867	-3.932 1.942 -14.539
item_ammo_pistol_ttt	-2019.150391 1665.993896 -486.069885	-1.906 -0.744 -7.620
item_ammo_pistol_ttt	-1979.735840 1655.669556 -483.180054	-2.180 -0.284 -7.797
item_ammo_pistol_ttt	-1907.721436 -1421.853271 -448.121887	-2.565 1.030 7.995
item_ammo_pistol_ttt	-1918.145386 -1444.571655 -451.712372	-2.353 0.068 8.039
item_ammo_pistol_ttt	-1911.964966 -1449.812500 -452.164001	-1.786 0.823 7.899
item_ammo_pistol_ttt	-1874.605591 -1433.488403 -448.143951	-2.685 0.085 7.976
item_ammo_pistol_ttt	-1734.138916 409.758179 -257.177155	-0.005 -2.979 13.101
item_ammo_pistol_ttt	-1430.638672 -585.688110 -319.561920	-0.532 0.274 -0.556
item_ammo_pistol_ttt	-939.045776 -503.765472 -17.023508	6.950 0.067 2.965
item_ammo_pistol_ttt	-928.851929 -523.011414 -16.612970	81.682 160.563 159.235
item_ammo_pistol_ttt	668.143188 313.985107 32.378242	-0.103 0.021 0.024
item_ammo_pistol_ttt	638.875977 309.772247 32.393574	-0.092 -0.020 -0.028
item_ammo_pistol_ttt	-58.327007 1512.558716 90.011520	-83.539 144.907 -147.584
item_ammo_pistol_ttt	-70.059509 1480.239014 90.998375	-83.804 144.615 -150.462
item_ammo_pistol_ttt	-248.084198 1506.960571 80.919083	80.892 165.392 162.744
item_ammo_pistol_ttt	-254.855026 1524.370728 83.473099	77.449 140.161 134.264
item_ammo_pistol_ttt	-546.552429 983.380615 113.889885	80.310 172.725 174.640
item_ammo_pistol_ttt	-892.734741 750.127319 143.459473	71.268 132.384 130.551
item_ammo_pistol_ttt	-931.500854 754.910461 145.316574	3.934 1.390 7.009
item_ammo_pistol_ttt	-879.781799 286.789398 62.726891	76.315 -176.027 -174.794
item_ammo_pistol_ttt	-158.836716 756.386597 -12.673199	-0.087 -0.155 -1.208
item_ammo_pistol_ttt	-132.571564 747.078552 -12.466461	-0.025 -0.163 -1.189
item_ammo_pistol_ttt	-20.742098 -168.307220 32.444920	0.167 -0.123 -0.296
item_ammo_pistol_ttt	-1729.648193 455.638672 -254.215775	0.225 0.638 5.283
item_ammo_pistol_ttt	-1721.286011 456.033295 -254.153824	0.489 1.132 5.175
weapon_ttt_explosivegrenade	-9.151669 197.112564 36.897305	-0.277 -5.099 -2.650
weapon_ttt_explosivegrenade	-9.437654 204.078949 36.847679	-0.395 0.001 -0.178
weapon_ttt_explosivegrenade	435.572540 -172.758331 44.822338	-0.487 0.001 -0.219
weapon_ttt_explosivegrenade	426.605072 -174.491058 44.829792	-1.952 0.015 -0.878
weapon_ttt_explosivegrenade	-1097.177368 1548.510132 -136.793594	43.656 -15.586 104.994
weapon_ttt_explosivegrenade	-1099.590454 1552.790771 -136.326660	67.733 121.380 -120.300
weapon_ttt_explosivegrenade	-1112.413818 1598.438843 -108.079468	18.683 -40.652 125.398
weapon_ttt_explosivegrenade	-2238.920166 -1063.690674 -443.398834	0.272 -7.915 6.857
weapon_ttt_explosivegrenade	-2244.880127 -1064.620117 -443.511475	-2.898 11.923 0.349
weapon_ttt_explosivegrenade	-2248.917725 -1055.739746 -443.572388	-2.788 -14.725 0.954
weapon_ttt_explosivegrenade	-1946.861084 1105.727905 -231.182495	-0.266 0.000 -0.120
weapon_ttt_explosivegrenade	-1942.121704 1100.125977 -231.135696	-0.134 0.000 -0.060
weapon_ttt_explosivegrenade	203.080826 -46.178719 -477.165527	-0.174 0.000 -0.078
weapon_ttt_explosivegrenade	208.712357 -47.908611 -477.147339	-0.000 -64.790 0.000
weapon_zm_pistol	241.706863 80.104691 928.909851	0.240 -37.182 -89.100
weapon_zm_pistol	196.276062 130.614212 304.938538	0.396 21.176 89.245
weapon_zm_pistol	-1298.787598 1038.941162 -20.934565	0.299 -75.929 90.374
weapon_zm_pistol	195.353821 159.534714 -481.413147	28.141 -22.635 -43.197
weapon_zm_pistol	133.725067 159.043777 -435.649536	0.409 -36.630 -88.388
weapon_zm_pistol	-1956.369995 1098.983521 -183.375961	24.866 -24.968 -50.964
weapon_zm_pistol	-1176.547729 2069.729980 -524.073608	2.306 -38.159 -96.282
weapon_zm_pistol	-1895.698486 -1428.513306 -447.781891	-5.859 32.951 95.586
weapon_zm_pistol	-1904.143188 -1411.400757 -447.086243	0.576 -37.237 -89.182
weapon_zm_pistol	-1889.065552 -1423.812012 -447.165466	0.783 -37.281 -88.321
weapon_zm_pistol	-1419.337036 -586.452576 -319.162964	0.440 -36.223 -88.205
weapon_ttt_aug	-1387.854614 908.612122 -21.671478	0.155 0.954 -88.550
weapon_ttt_aug	619.999146 632.464783 -168.316757	-5.087 39.368 93.039
weapon_ttt_aug	115.539780 133.855255 -480.591095	-2.364 48.592 88.621
weapon_ttt_aug	-514.301453 1674.732422 69.960091	-11.436 -38.376 -99.820
weapon_zm_molotov	315.314636 75.334213 32.180428	-0.544 -1.666 -0.466
weapon_zm_molotov	325.752869 72.422470 32.168266	-1.579 -1.384 -1.704
weapon_zm_molotov	408.478455 -177.927338 40.177795	-1.113 -1.532 -1.132
weapon_zm_molotov	416.404053 -178.675522 42.035698	26.165 82.536 89.438
weapon_zm_molotov	412.208801 -169.618622 40.175400	-1.204 -1.288 -1.628
weapon_zm_molotov	-1257.166382 1021.871826 -63.845989	-1.624 -1.419 -1.648
weapon_zm_molotov	-1270.272827 1020.117859 -63.826271	-1.200 -1.521 -1.220
weapon_zm_molotov	-1263.613770 1026.287720 -63.838387	-1.458 -1.457 -1.484
weapon_zm_molotov	-1919.372437 1095.993164 -183.839417	-1.483 -1.456 -1.505
weapon_zm_molotov	-1910.783569 1096.525513 -183.812958	-0.916 -1.552 -0.931
weapon_zm_molotov	-1654.655029 1054.064087 -246.287811	26.982 -169.849 86.447
weapon_zm_molotov	-1377.480957 1924.489746 -489.913910	19.339 -22.368 -98.927
weapon_zm_molotov	-1384.590088 1923.615723 -489.579681	18.152 -8.732 -98.438
weapon_zm_molotov	199.017426 -53.117344 -481.639893	-0.002 45.003 -0.000
weapon_ttt_confgrenade	429.802216 -167.680969 42.160892	14.833 -42.988 -90.500
weapon_ttt_confgrenade	418.594666 -168.921997 42.168797	-36.863 -49.127 -91.742
weapon_ttt_confgrenade	-211.862015 -160.494293 26.150024	-36.653 -48.255 -91.309
weapon_ttt_confgrenade	-207.694748 -161.539566 25.893299	-38.383 -56.993 -86.700
weapon_ttt_confgrenade	-1917.534790 1115.387329 -233.565598	12.599 -55.320 -96.678
weapon_ttt_confgrenade	-1912.820801 1111.529663 -233.841721	14.494 -32.330 -90.533
weapon_ttt_confgrenade	-1784.198364 1115.468872 -238.969299	25.406 -31.370 -55.470
weapon_ttt_confgrenade	-1158.176880 1571.111572 -139.091019	-65.017 -121.224 -160.978
weapon_ttt_confgrenade	-440.292236 1682.758667 68.636787	25.977 101.835 90.001
weapon_ttt_confgrenade	-430.095062 1681.615234 68.211823	6.861 28.305 -82.953
weapon_ttt_confgrenade	-444.070007 1684.501465 67.565163	-25.054 43.927 59.827
weapon_ttt_confgrenade	-932.333679 1163.787964 189.091324	22.552 -65.815 -88.038
weapon_ttt_confgrenade	-36.327332 276.984406 28.725683	17.468 -28.754 -101.575
weapon_ttt_confgrenade	-63.636200 88.879395 38.244629	-5.361 -2.595 2.217
weapon_ttt_confgrenade	-758.294556 312.192566 -291.572693	9.972 5.910 93.812
weapon_ttt_confgrenade	-1086.663086 -117.782646 -314.884430	14.336 17.012 91.762
weapon_ttt_confgrenade	-1090.925171 -122.226357 -314.846985	14.535 35.134 92.389
weapon_ttt_confgrenade	-1074.556030 197.429153 -311.913910	16.515 44.777 99.831
weapon_ttt_confgrenade	-1045.729248 218.366959 -312.023376	21.303 26.433 105.913
weapon_ttt_confgrenade	-1291.795898 715.196289 -479.295715	15.047 58.219 96.743
weapon_zm_shotgun	254.149475 -56.606510 32.972279	-0.095 -8.757 -82.984
weapon_zm_shotgun	-1453.750122 973.355835 -78.893196	-0.364 -92.248 -84.268
weapon_zm_shotgun	725.337891 610.315186 -177.090042	9.083 -29.538 -72.633
weapon_zm_shotgun	980.557068 50.671375 -98.386490	-0.659 -19.222 -89.850
weapon_zm_sledge	-1494.963257 -794.934143 -176.340607	5.524 -26.619 -116.997
weapon_zm_sledge	-1047.022095 899.596191 110.573235	18.634 0.571 3.006
weapon_zm_sledge	-1351.397827 1035.478760 -61.201180	-2.233 -93.261 88.961
weapon_zm_sledge	-156.779938 600.583191 -253.407394	14.359 -6.425 8.187
weapon_zm_sledge	-1069.302246 -99.125610 -319.374451	16.991 -1.071 2.899
weapon_zm_revolver	-1552.390625 -403.893402 -319.029175	2.204 -17.517 -85.440
weapon_zm_revolver	105.857346 -17.925976 800.970520	1.911 -18.795 -85.949
weapon_zm_revolver	-1245.868042 795.394287 72.970596	1.983 -20.569 -85.824
weapon_zm_revolver	-1220.111572 -805.689331 -183.182953	2.814 -43.286 -83.426
weapon_zm_revolver	-2304.300781 -956.919678 -448.743652	1.795 -106.196 -84.763
weapon_zm_revolver	-788.686340 -883.373718 -453.840515	10.345 -26.890 -80.751
weapon_zm_revolver	-2327.155762 969.766174 -275.465271	1.871 -20.288 -83.694
weapon_zm_revolver	-131.537613 1957.884155 30.263329	0.471 -26.195 -93.074
weapon_zm_revolver	177.665649 234.776840 928.839355	2.099 -21.759 -84.187
weapon_zm_revolver	-1617.830811 -814.369141 -319.029541	1.877 -20.613 -86.009
weapon_ttt_glock	587.042725 -168.155273 50.803432	-5.905 24.190 82.828
weapon_ttt_glock	-306.086182 -179.656708 24.444880	28.486 4.369 32.363
weapon_ttt_glock	-306.186462 -174.987717 24.749945	16.824 27.667 60.970
weapon_ttt_glock	-1734.349854 -147.735703 -382.074402	-11.779 26.130 92.630
weapon_ttt_glock	-1246.092651 605.797668 -291.610718	-1.292 31.284 98.834
weapon_ttt_glock	-1785.484131 870.417542 -238.899567	-0.529 24.834 90.868
weapon_ttt_glock	-1327.892456 1252.627075 -480.714111	-17.127 38.674 108.479
weapon_ttt_glock	-947.427185 -519.581177 -15.981537	4.413 31.647 98.320
weapon_ttt_glock	678.599426 310.329956 33.111198	-0.728 25.839 91.385
weapon_ttt_glock	-66.512787 1498.820801 87.541412	21.725 -3.130 -45.456
weapon_ttt_glock	-556.663086 975.411926 113.104836	8.022 27.330 95.118
weapon_ttt_ak47	-1600.935791 -540.546631 -337.965454	-4.945 8.938 -85.122
weapon_ttt_ak47	-1409.248169 1113.983276 -63.143089	-0.258 12.271 -87.720
weapon_ttt_ak47	-1709.156250 437.303802 -255.406433	-0.753 8.877 -82.342
weapon_ttt_ak47	-362.652618 1667.769531 71.922028	-2.194 -6.493 72.583
weapon_ttt_ak47	-2322.939209 1631.769409 -423.035126	15.198 1.889 -83.307
