# Exported by: [TT] TC224
# For map: fy_highrise
# Trouble in Terrorist Town weapon/ammo placement overrides
item_ammo_357_ttt	149.585831 332.167542 655.451355	0.697 -0.019 -0.267
item_ammo_357_ttt	160.035110 330.628235 655.424866	1.004 -0.028 -0.641
item_ammo_357_ttt	1608.338989 -601.440857 449.404358	1.247 -0.047 -0.939
item_ammo_357_ttt	1623.468994 -601.735962 449.411865	1.159 -0.037 -0.832
item_ammo_357_ttt	1634.136230 -604.084961 449.405334	1.235 -0.047 -0.925
item_ammo_357_ttt	170.601349 329.947540 655.429993	0.944 -0.025 -0.568
item_ammo_357_ttt	1900.794067 1528.930176 856.440491	0.823 -0.022 -0.420
item_ammo_357_ttt	1914.374268 1526.428101 856.424866	1.004 -0.028 -0.641
item_ammo_357_ttt	1931.942505 1521.968628 856.403992	1.246 -0.046 -0.936
item_ammo_357_ttt	3460.772949 -614.959839 208.403183	1.258 -0.047 -0.952
item_ammo_357_ttt	3474.550049 -621.294678 208.430145	0.945 -0.026 -0.569
item_ammo_357_ttt	3485.559082 -619.196472 208.412598	1.149 -0.036 -0.818
item_ammo_pistol_ttt	-509.172607 2103.049072 160.415817	0.723 0.227 0.131
item_ammo_pistol_ttt	-509.876678 2122.606201 169.229385	-0.023 2.552 -87.625
item_ammo_pistol_ttt	-522.952148 2115.299072 160.411011	-0.077 -0.020 -0.023
item_ammo_pistol_ttt	141.202911 1711.145874 449.409698	-0.078 -0.020 -0.024
item_ammo_pistol_ttt	1453.403198 28.822880 641.504211	-0.269 0.248 -7.133
item_ammo_pistol_ttt	1468.224487 26.860291 640.469604	-0.025 -0.020 -0.008
item_ammo_pistol_ttt	1485.380981 26.064278 640.317566	-0.158 -0.017 -0.048
item_ammo_pistol_ttt	152.408630 1709.269775 449.325623	-0.151 -0.018 -0.046
item_ammo_pistol_ttt	168.834320 1707.735596 449.374573	-0.109 -0.019 -0.033
item_ammo_pistol_ttt	1681.644897 855.838623 449.404144	-0.083 -0.020 -0.025
item_ammo_pistol_ttt	1682.049927 880.516174 449.345306	-0.134 -0.019 -0.041
item_ammo_pistol_ttt	1682.854004 899.090027 449.452026	-0.527 0.363 -0.467
item_ammo_pistol_ttt	1683.886230 917.725769 449.460114	-0.325 0.154 -0.352
item_ammo_pistol_ttt	1685.516235 936.165283 449.428406	-0.549 0.828 -0.636
item_ammo_pistol_ttt	1967.243896 -373.080261 192.422165	-0.067 -0.020 -0.020
item_ammo_pistol_ttt	1970.604858 -407.772766 192.322968	-0.154 -0.018 -0.047
item_ammo_pistol_ttt	1983.912964 -468.486420 192.335754	-0.142 -0.019 -0.043
item_ammo_pistol_ttt	2267.134033 42.545872 640.401245	-0.085 -0.020 -0.026
item_ammo_pistol_ttt	2295.317383 56.671215 640.716675	-6.742 0.783 -0.177
item_ammo_pistol_ttt	2315.884033 51.487335 640.433899	-0.057 -0.020 -0.017
item_ammo_pistol_ttt	2809.257813 -161.770798 449.436005	0.231 0.038 -0.068
item_ammo_pistol_ttt	2810.955078 546.441406 614.230286	76.845 -120.821 -120.150
item_ammo_pistol_ttt	2812.788574 -145.248810 455.170502	0.000 9.813 -40.128
item_ammo_pistol_ttt	2819.019775 -137.294601 449.419830	-0.312 0.519 -0.615
item_ammo_pistol_ttt	2835.590576 541.737427 613.295776	78.616 -173.683 179.764
item_ammo_pistol_ttt	2848.572021 539.263489 611.310242	89.308 -150.557 -155.159
item_ammo_pistol_ttt	357.955536 1115.739014 450.444794	1.086 19.450 0.001
item_ammo_pistol_ttt	365.365570 1126.800171 450.437622	0.082 -0.062 0.198
item_ammo_pistol_ttt	372.002594 1121.817505 453.289276	89.734 -175.819 -179.997
item_ammo_pistol_ttt	659.799377 1693.713989 633.478882	0.085 -0.560 13.600
item_ammo_pistol_ttt	817.338196 1693.085327 633.322266	0.274 -1.281 12.050
item_ammo_revolver_ttt	1226.481812 2318.593750 454.609100	-44.504 -166.240 179.594
item_ammo_revolver_ttt	1232.115723 2311.983154 451.366791	14.217 -1.216 17.918
item_ammo_revolver_ttt	1233.344849 2300.605225 449.430511	1.140 -7.713 -0.022
item_ammo_revolver_ttt	1235.273315 2323.174805 449.425049	0.217 -0.327 0.394
item_ammo_revolver_ttt	1239.054565 2312.884766 449.438385	0.914 -0.526 -0.531
item_ammo_revolver_ttt	1241.073486 2302.166992 449.456665	0.424 -3.365 0.066
item_ammo_smg1_ttt	194.293564 -552.362244 64.420151	-0.422 0.004 0.272
item_ammo_smg1_ttt	216.442719 -551.429077 64.434570	-0.954 0.000 0.627
item_ammo_smg1_ttt	251.181290 -555.301514 64.401749	-0.170 0.005 0.102
item_ammo_smg1_ttt	2513.053467 1695.845337 449.406555	0.214 -0.005 0.132
item_ammo_smg1_ttt	2533.443115 1692.022583 449.406555	0.214 -0.005 0.132
item_ammo_smg1_ttt	2566.156982 1688.387817 449.500763	-0.826 0.012 -0.618
item_ammo_smg1_ttt	2762.162109 910.961609 449.428589	0.671 -0.003 0.438
item_ammo_smg1_ttt	2770.979736 887.415833 449.432617	0.837 -0.001 0.549
item_ammo_smg1_ttt	2782.762207 910.937439 449.528107	-0.203 0.017 -0.174
item_ammo_smg1_ttt	3494.718262 563.237366 608.503845	-0.661 0.011 -0.499
item_ammo_smg1_ttt	3497.136719 588.710999 608.479187	0.509 -0.001 0.217
item_ammo_smg1_ttt	3519.496582 568.725891 608.420166	0.419 -0.004 0.269
item_ammo_smg1_ttt	3557.892090 2342.988525 458.702698	0.051 -20.164 87.776
item_ammo_smg1_ttt	3564.894775 -375.463715 192.437073	-1.090 -0.001 0.718
item_ammo_smg1_ttt	3580.510254 2321.499268 449.497833	0.865 0.013 -0.644
item_ammo_smg1_ttt	3589.758301 -375.105804 192.437073	-1.098 -0.002 0.723
item_ammo_smg1_ttt	3599.855957 2311.893799 449.432617	0.840 -0.001 0.551
item_ammo_smg1_ttt	3607.940186 -375.170074 192.389069	-0.098 0.005 0.053
item_ammo_smg1_ttt	3677.889648 301.390594 458.664215	0.036 17.519 -87.594
item_ammo_smg1_ttt	3680.479248 279.368561 449.466461	0.544 -0.143 0.300
item_ammo_smg1_ttt	3689.566650 305.409760 449.486115	0.146 -0.126 0.072
item_ammo_smg1_ttt	373.524048 949.139343 655.399231	0.152 -0.005 0.090
item_ammo_smg1_ttt	388.426056 935.407288 655.485413	-0.251 -0.160 0.366
item_ammo_smg1_ttt	388.592529 955.258606 655.524780	0.193 -1.287 0.040
item_ammo_smg1_ttt	873.515991 2006.125000 449.482422	0.382 0.001 -0.369
item_ammo_smg1_ttt	881.343506 1982.815674 449.417969	-0.376 0.005 0.241
item_ammo_smg1_ttt	889.735413 2010.905151 449.504974	-0.252 -0.002 0.567
item_box_buckshot_ttt	-107.314995 646.551025 449.382416	-0.398 0.000 0.408
item_box_buckshot_ttt	-122.312889 659.165588 449.395111	-0.931 -0.002 0.831
item_box_buckshot_ttt	-264.168793 1748.633423 449.384766	-0.998 -0.010 0.895
item_box_buckshot_ttt	-89.521294 719.229248 449.394348	-0.949 -0.003 0.844
item_box_buckshot_ttt	1023.953613 1.788013 634.943481	-0.967 -1.062 -9.506
item_box_buckshot_ttt	1698.776489 -423.452026 640.443604	-0.744 0.033 -1.345
item_box_buckshot_ttt	1707.377930 -382.614410 640.455872	-0.611 0.027 -1.105
item_box_buckshot_ttt	2232.454590 451.260742 449.371979	0.765 -0.120 -0.529
item_box_buckshot_ttt	2250.219482 447.142731 449.355255	1.050 0.000 -0.843
item_box_buckshot_ttt	2279.024902 446.552734 449.380310	-0.047 0.002 0.125
item_box_buckshot_ttt	3391.273926 -594.409729 208.416397	-0.758 -0.007 0.673
item_box_buckshot_ttt	3396.950928 -617.770813 208.438156	-0.586 -0.007 0.520
item_box_buckshot_ttt	3408.295654 -599.719177 208.380447	-0.069 0.002 0.143
item_box_buckshot_ttt	46.708069 1212.334106 655.375488	0.669 -0.001 -0.455
item_box_buckshot_ttt	68.407433 1209.234863 655.344116	0.618 0.003 -0.491
item_box_buckshot_ttt	956.055542 0.581922 633.881042	-0.965 -0.127 -9.108
setting:	replacespawns 1
ttt_playerspawn	-241.619339 108.274261 449.548218	-0.051 -0.000 0.051
ttt_playerspawn	-303.883514 1462.583130 449.532074	-0.066 -0.000 0.066
ttt_playerspawn	-606.492676 -171.137543 160.562805	-0.036 -0.000 0.036
ttt_playerspawn	-639.651611 2162.556152 160.537003	0.062 0.000 0.062
ttt_playerspawn	1010.808960 515.988220 450.529999	-0.068 -0.000 0.068
ttt_playerspawn	1039.341064 1944.785645 640.561523	-0.047 0.000 0.046
ttt_playerspawn	104.111786 1074.174316 655.554565	-0.055 0.000 0.055
ttt_playerspawn	1099.442993 -390.059265 256.532074	-0.066 -0.000 0.066
ttt_playerspawn	112.075226 378.971924 450.562805	-0.036 -0.000 0.036
ttt_playerspawn	1379.315308 802.508423 450.542450	-0.056 -0.000 0.056
ttt_playerspawn	1435.821289 2270.708740 160.549744	-0.049 -0.000 0.049
ttt_playerspawn	1510.983032 -48.989937 640.553894	-0.056 0.000 0.055
ttt_playerspawn	1831.752686 1289.787964 856.529663	-0.085 -0.000 0.085
ttt_playerspawn	1899.953369 1784.363647 449.551239	-0.048 -0.000 0.048
ttt_playerspawn	2048.762207 -156.379440 640.547241	-0.064 0.000 0.064
ttt_playerspawn	206.346680 1062.525024 450.556122	-0.043 -0.000 0.043
ttt_playerspawn	2267.983398 755.361633 449.527863	-0.070 -0.000 0.070
ttt_playerspawn	2329.205078 1280.922607 640.521912	-0.095 -0.000 0.094
ttt_playerspawn	2676.953369 -153.173798 640.569763	-0.038 0.000 0.035
ttt_playerspawn	2906.601318 -547.422729 192.529999	-0.068 -0.000 0.068
ttt_playerspawn	3023.787842 226.863800 449.523376	-0.075 -0.000 0.075
ttt_playerspawn	3088.781006 908.325195 608.536987	-0.062 -0.000 0.062
ttt_playerspawn	3702.456299 889.443359 449.510895	-0.087 -0.000 0.087
ttt_playerspawn	3790.970703 2299.344482 192.519821	-0.078 -0.000 0.078
ttt_playerspawn	3920.774902 -468.330841 192.539795	-0.059 -0.000 0.059
ttt_playerspawn	507.541962 618.823120 655.547974	-0.063 0.000 0.062
ttt_playerspawn	692.886597 1158.527222 449.542450	-0.056 -0.000 0.056
ttt_playerspawn	70.917114 364.371765 655.531738	-0.083 0.000 0.082
ttt_playerspawn	712.934448 2148.192383 192.529999	-0.068 -0.000 0.068
ttt_playerspawn	729.029602 102.049698 449.514862	-0.083 -0.000 0.083
ttt_random_ammo	-12.286423 471.740906 450.362610	-0.068 -0.000 0.013
ttt_random_ammo	-17.922312 989.266296 450.337646	0.047 0.000 -0.025
ttt_random_ammo	-21.434361 972.891052 450.392975	0.718 0.007 0.819
ttt_random_ammo	-39.569649 1003.248535 450.381165	0.055 0.698 -0.322
ttt_random_ammo	-465.093262 -701.814026 160.355453	0.057 0.000 -0.004
ttt_random_ammo	-468.594452 -715.476746 160.327866	0.046 0.000 -0.031
ttt_random_ammo	-471.154236 2460.731934 160.427399	1.420 0.033 1.716
ttt_random_ammo	-472.632416 -661.588318 160.446991	1.060 0.027 1.286
ttt_random_ammo	-473.899109 2436.504883 160.320129	0.047 0.000 -0.034
ttt_random_ammo	-475.728729 -686.871460 160.382492	0.218 0.001 0.206
ttt_random_ammo	-477.953705 -675.863464 160.339996	0.047 0.000 -0.023
ttt_random_ammo	-482.259003 -706.991028 160.365433	0.077 0.000 0.026
ttt_random_ammo	-486.442108 2455.107422 160.337646	0.047 0.000 -0.025
ttt_random_ammo	-495.104218 2470.096680 160.382492	0.217 0.001 0.205
ttt_random_ammo	105.434731 1282.248779 450.420319	1.641 0.037 1.992
ttt_random_ammo	110.058846 1253.500122 450.349060	0.051 0.000 -0.014
ttt_random_ammo	110.276611 1233.136719 450.376190	0.136 0.000 0.103
ttt_random_ammo	1155.651733 2234.228027 640.327881	0.047 0.000 -0.031
ttt_random_ammo	1158.673462 2178.819336 640.465149	0.655 -0.021 -0.796
ttt_random_ammo	1212.434937 -535.125061 64.367310	0.084 0.000 0.035
ttt_random_ammo	1215.202148 -591.067139 64.443703	1.103 0.028 1.336
ttt_random_ammo	1232.829590 -567.982056 64.351212	0.052 0.000 -0.011
ttt_random_ammo	1241.716309 -552.142090 64.367310	0.084 0.000 0.035
ttt_random_ammo	1252.623535 -587.188110 64.365425	0.077 0.000 0.026
ttt_random_ammo	1256.200928 -550.729797 64.339989	0.047 0.000 -0.023
ttt_random_ammo	2134.982422 1828.854980 449.335266	0.046 0.000 -0.027
ttt_random_ammo	221.439102 2161.297363 192.394623	1.087 0.014 1.269
ttt_random_ammo	2254.700684 1820.626709 449.394623	1.088 0.014 1.270
ttt_random_ammo	23.763597 490.317993 450.411774	-1.089 -0.015 1.272
ttt_random_ammo	321.191895 2162.040039 192.468735	0.579 0.020 0.702
ttt_random_ammo	3246.807861 -303.137970 449.453186	-1.462 -0.034 1.777
ttt_random_ammo	3249.649902 -537.752441 298.736420	0.049 0.000 -0.039
ttt_random_ammo	3252.657227 -586.614563 298.766388	0.046 0.000 -0.026
ttt_random_ammo	3272.853027 -542.638550 298.749573	0.047 0.000 -0.034
ttt_random_ammo	3273.768555 -582.092102 298.779388	0.050 0.000 -0.014
ttt_random_ammo	3297.476074 -576.537903 298.779388	0.050 0.000 -0.014
ttt_random_ammo	3300.815186 -538.733704 298.785431	0.056 0.000 -0.004
ttt_random_ammo	3354.194336 207.788696 449.337646	0.047 0.000 -0.025
ttt_random_ammo	35.431171 2290.772949 136.349014	0.050 0.000 -0.014
ttt_random_ammo	3547.113770 -552.391235 298.808075	0.166 0.001 0.142
ttt_random_ammo	3550.802734 -582.653748 298.822266	1.420 0.024 1.675
ttt_random_ammo	3567.572266 -548.480408 298.863159	1.088 0.028 1.299
ttt_random_ammo	3567.854980 -590.114014 298.794861	0.076 0.000 0.025
ttt_random_ammo	3587.654541 -588.675110 298.864044	1.092 0.028 1.307
ttt_random_ammo	3592.826416 -546.647217 298.775177	0.048 0.000 -0.019
ttt_random_ammo	3606.880127 -585.264526 298.861633	1.143 0.029 1.368
ttt_random_ammo	3614.879395 -550.322754 298.794861	0.075 0.000 0.024
ttt_random_ammo	3620.231689 1410.763428 449.361542	0.067 0.000 0.012
ttt_random_ammo	39.727459 2275.042480 136.344574	0.048 0.000 -0.019
ttt_random_ammo	4.288911 974.822754 450.327881	0.046 0.000 -0.031
ttt_random_ammo	476.999359 361.537384 450.367340	0.084 0.000 0.035
ttt_random_ammo	491.936523 371.026184 450.335266	0.046 0.000 -0.027
ttt_random_ammo	501.542114 371.230316 450.376099	0.136 -0.000 -0.103
ttt_random_ammo	54.700211 2301.408691 136.342285	0.047 0.000 -0.021
ttt_random_ammo	56.680511 2277.964355 136.387955	0.357 0.002 0.379
ttt_random_ammo	68.660179 2303.200439 136.393021	0.709 0.007 0.809
ttt_random_ammo	74.277351 2287.793213 136.353333	0.054 0.000 -0.008
ttt_random_ammo	88.080719 2301.001953 136.359528	0.062 0.000 0.006
ttt_random_ammo	9.931327 478.254425 450.393677	-0.367 -0.002 0.390
ttt_random_ammo	99.237518 2267.974609 136.335236	0.046 0.000 -0.026
ttt_random_weapon	-177.303436 1542.412964 450.210480	1.757 4.928 -92.867
ttt_random_weapon	-328.210754 -48.386848 450.206268	1.805 4.928 -92.758
ttt_random_weapon	-582.692200 38.951103 161.217651	1.676 4.924 -93.053
ttt_random_weapon	-611.376465 1672.092285 161.218567	1.666 4.923 -93.076
ttt_random_weapon	13.089718 465.971008 451.204315	1.827 4.929 -92.708
ttt_random_weapon	16.801500 295.276276 451.199432	1.882 4.926 -92.582
ttt_random_weapon	2135.281982 -658.934998 193.217194	1.681 4.924 -93.041
ttt_random_weapon	2325.435791 2443.218018 161.228165	1.557 4.916 -93.325
ttt_random_weapon	294.019714 1298.012817 451.196381	1.916 4.929 -92.503
ttt_random_weapon	3967.822998 2116.700928 193.234619	1.484 4.910 -93.492
ttt_random_weapon	3978.177246 -435.843689 193.214249	1.715 4.926 -92.965
ttt_random_weapon	505.902222 385.851074 451.228455	1.554 4.916 -93.332
ttt_random_weapon	584.364929 2437.221924 65.206894	1.798 4.929 -92.775
weapon_ttt_confgrenade	-162.633698 2102.190674 655.108826	-35.947 -50.037 -90.312
weapon_ttt_confgrenade	1105.659424 2051.776855 642.092224	-35.692 -56.802 -89.926
weapon_ttt_confgrenade	1304.632202 676.855286 664.140259	-36.427 -56.070 -91.055
weapon_ttt_confgrenade	1778.964355 2310.462402 162.129440	-36.262 -49.752 -90.797
weapon_ttt_confgrenade	2209.936768 703.729370 451.122894	-36.162 -49.827 -90.642
weapon_ttt_confgrenade	230.184799 938.217957 657.090881	-35.674 -56.791 -89.897
weapon_ttt_confgrenade	2647.314453 214.632019 642.107666	-35.929 -56.564 -90.285
weapon_ttt_confgrenade	3364.312988 682.563232 610.150085	-36.578 -49.423 -91.290
weapon_ttt_confgrenade	3817.769775 171.550140 266.054443	16.153 -25.718 -88.482
weapon_ttt_confgrenade	3819.429443 161.488922 266.119629	15.371 -26.001 -89.711
weapon_ttt_confgrenade	3823.996094 181.654846 266.432770	10.911 -61.230 -95.879
weapon_ttt_confgrenade	3827.778809 173.180786 266.173035	15.200 -27.370 -90.619
weapon_ttt_confgrenade	3831.740479 167.450806 266.303070	9.937 42.969 93.434
weapon_ttt_confgrenade	3834.928223 172.914719 266.186951	-37.139 -59.283 -92.187
weapon_ttt_confgrenade	392.889008 1700.315918 451.188721	-37.168 -48.817 -92.230
weapon_ttt_glock	-83.208008 1738.820313 450.106628	-0.447 25.863 90.819
weapon_ttt_glock	1097.336426 1750.171509 641.111206	-0.711 25.625 91.379
weapon_ttt_glock	1261.795654 492.931000 663.113098	-0.826 25.595 91.616
weapon_ttt_glock	1449.141357 1063.242798 449.007568	1.948 0.154 -0.068
weapon_ttt_glock	1469.301636 -168.172607 641.110718	-0.680 25.626 91.315
weapon_ttt_glock	1539.335938 -164.341217 641.108826	-0.567 25.638 91.082
weapon_ttt_glock	166.518524 984.525085 656.110413	-0.665 25.630 91.284
weapon_ttt_glock	1711.812500 327.970215 448.987579	1.979 0.157 -0.064
weapon_ttt_glock	2182.464600 1947.468018 450.108612	-0.568 25.860 91.063
weapon_ttt_glock	2667.886963 220.524506 641.111084	-0.703 25.625 91.363
weapon_ttt_glock	2688.278320 160.647369 641.112366	-0.779 25.609 91.519
weapon_ttt_m16	-509.648621 2177.115234 160.887253	0.139 11.848 -87.510
weapon_ttt_m16	130.940872 1734.071411 449.852386	2.268 -5.795 84.017
weapon_ttt_m16	1458.239380 21.015999 640.855286	1.925 -5.395 83.838
weapon_ttt_m16	2291.881836 75.982460 644.802551	1.917 -0.526 112.142
weapon_ttt_m16	2780.772949 925.274048 450.093597	0.306 6.551 -87.273
weapon_ttt_m16	2797.202881 -181.160355 449.907684	0.126 2.289 -87.853
weapon_ttt_m16	2821.556152 540.860291 610.201599	6.209 8.243 86.416
weapon_ttt_m16	3394.866455 -528.015503 208.875854	0.155 11.848 -87.386
weapon_ttt_m16	3667.557617 248.862244 450.094940	0.259 6.539 -87.214
weapon_ttt_m16	369.654236 1139.311035 450.871246	0.162 11.848 -87.336
weapon_ttt_m16	387.245575 964.163757 656.080933	0.201 4.360 -87.053
weapon_ttt_smokegrenade	-209.199661 1887.818848 653.165649	-1.373 -1.484 -1.398
weapon_ttt_smokegrenade	-211.554718 2136.808105 653.188354	-0.889 -1.553 -0.904
weapon_ttt_smokegrenade	-98.932457 1989.930664 653.193054	-0.789 -1.560 -0.801
weapon_ttt_smokegrenade	16.533913 995.785583 655.165466	-2.356 -1.359 -1.288
weapon_ttt_smokegrenade	1698.725708 -164.568588 640.171082	-2.152 -1.401 -1.177
weapon_ttt_smokegrenade	1722.732300 1510.020020 856.192322	-1.371 -1.490 -0.749
weapon_ttt_smokegrenade	2230.199707 12.525041 640.168396	-2.252 -1.362 -1.231
weapon_ttt_smokegrenade	248.461319 1579.590332 449.170258	-1.274 -1.504 -1.296
weapon_ttt_smokegrenade	2905.824463 1129.626099 608.133423	-2.068 -1.270 -2.096
weapon_ttt_smokegrenade	3442.267090 -151.175995 653.170288	-1.274 -1.504 -1.296
weapon_ttt_smokegrenade	3449.905762 1134.831421 608.133423	-2.067 -1.270 -2.096
weapon_ttt_smokegrenade	3456.646484 540.071289 608.167542	-1.333 -1.499 -1.356
weapon_ttt_smokegrenade	3589.725586 2.119628 653.154053	-1.620 -1.419 -1.650
weapon_ttt_smokegrenade	3617.928711 -190.272400 653.174622	-1.182 -1.521 -1.202
weapon_ttt_smokegrenade	3803.334717 163.872498 264.127686	-1.021 -1.553 -1.560
weapon_ttt_smokegrenade	3807.144287 172.039795 264.144592	-0.853 -1.651 -1.302
weapon_ttt_smokegrenade	3807.518311 178.515091 264.150787	-0.792 -1.677 -1.208
weapon_ttt_smokegrenade	3812.439941 185.725479 265.492767	18.214 46.214 -88.854
weapon_ttt_smokegrenade	3814.933838 192.351166 265.481384	18.947 44.869 -89.081
weapon_ttt_smokegrenade	3817.477051 198.876740 265.694855	18.801 44.086 -90.612
weapon_ttt_smokegrenade	3819.746826 -440.306915 192.150543	-1.694 -1.375 -1.726
weapon_ttt_smokegrenade	3823.516846 209.087479 266.076202	-68.637 -94.786 -90.086
weapon_ttt_smokegrenade	953.424744 1788.489990 640.192383	-1.371 -1.490 -0.750
weapon_ttt_smokegrenade	968.094910 292.682343 662.161560	-2.502 -1.323 -1.368
weapon_zm_mac10	167.363037 -546.012329 64.488777	0.300 9.612 86.997
weapon_zm_mac10	2492.778076 1692.093140 450.265381	0.186 -50.609 -89.051
weapon_zm_mac10	3483.959229 -535.708618 208.509003	0.258 9.614 87.020
weapon_zm_mac10	3532.454834 567.696899 609.273804	-0.030 -50.556 -88.949
weapon_zm_mac10	3613.846191 2322.069824 450.278137	-0.142 -50.541 -88.897
weapon_zm_mac10	871.530090 2032.346436 449.544617	0.022 -169.844 86.790
weapon_zm_molotov	1008.969666 1733.306519 640.161560	-2.502 -1.323 -1.368
weapon_zm_molotov	1219.964233 385.594727 662.176147	-1.966 -1.430 -1.075
weapon_zm_molotov	1941.534058 1248.918701 856.182861	-1.717 -1.464 -0.939
weapon_zm_molotov	2099.446777 245.329086 640.174500	-2.027 -1.422 -1.108
weapon_zm_molotov	2925.143555 578.436035 608.165588	-1.373 -1.484 -1.398
weapon_zm_molotov	352.568604 813.641418 655.163513	-2.428 -1.323 -1.328
weapon_zm_molotov	3797.429688 206.747513 266.113129	25.348 -38.233 91.126
weapon_zm_molotov	3797.654297 212.822144 266.349701	-75.873 39.405 91.495
weapon_zm_molotov	3800.641357 216.132385 265.682678	19.531 53.088 -90.127
weapon_zm_molotov	3801.894775 214.484161 265.683594	23.716 -47.701 -89.999
weapon_zm_molotov	3802.620361 220.693314 265.473175	19.138 49.464 -88.090
weapon_zm_molotov	3803.719727 211.982590 266.103455	24.264 55.403 89.864
weapon_zm_pistol	-16.926165 -191.875290 256.894318	0.994 -37.223 -89.127
weapon_zm_pistol	-563.832703 345.996521 160.953430	0.351 -37.141 -89.562
weapon_zm_pistol	1806.858154 349.545898 449.871094	1.248 -37.245 -88.956
weapon_zm_pistol	2428.041504 1375.405640 640.915222	0.572 -37.230 -89.198
weapon_zm_pistol	2936.094971 -34.559399 449.906036	0.870 -37.210 -89.215
weapon_zm_pistol	2975.199707 756.539246 608.936462	0.534 -37.169 -89.437
weapon_zm_pistol	919.877014 125.447350 449.899719	0.936 -37.217 -89.167
weapon_zm_revolver	1245.788696 2317.564453 449.805267	2.084 -28.474 -84.041
weapon_zm_revolver	1246.224609 2305.375977 450.007324	2.359 8.107 84.808
weapon_zm_revolver	1248.241699 2304.862061 449.970520	1.883 -18.769 -85.998
weapon_zm_rifle	1567.500854 -602.774719 450.140289	0.938 -8.335 -84.579
weapon_zm_rifle	157.052979 309.297668 654.157898	3.525 13.214 65.210
weapon_zm_rifle	1916.699951 1553.847046 855.101990	3.654 13.270 64.887
weapon_zm_rifle	3462.835205 -586.332520 207.124680	3.659 12.648 65.609
weapon_zm_shotgun	-94.110596 599.908936 450.002594	-0.160 -8.469 -83.247
weapon_zm_shotgun	1704.210571 -442.028137 641.051941	-0.259 -8.492 -83.711
weapon_zm_shotgun	2238.441895 476.745056 450.484344	-0.402 -9.751 -89.622
weapon_zm_shotgun	3394.278076 -568.563110 209.092499	-0.341 -8.460 -84.094
weapon_zm_shotgun	45.190502 1167.053833 656.441467	-0.492 -9.616 -88.913
weapon_zm_shotgun	979.480652 -3.092767 635.846313	-3.545 -9.669 -95.740
weapon_zm_sledge	2592.379639 482.924255 446.808472	18.634 -0.122 2.992
weapon_zm_sledge	449.359039 1492.679810 446.808441	18.634 -0.136 2.992
