# Exported by: ultraboy [smoker]
# For map: xmas_apehouse_s
# Trouble in Terrorist Town weapon/ammo placement overrides
item_ammo_357_ttt	-118.5455 1387.9910 32.4248	1.004 -0.028 -0.640
item_ammo_357_ttt	-119.1459 1345.6375 32.4019	1.269 -0.047 -0.963
item_ammo_357_ttt	-119.2519 1366.5776 32.4069	1.212 -0.041 -0.893
item_ammo_357_ttt	-22.3632 549.5054 200.4119	1.153 -0.036 -0.836
item_ammo_357_ttt	-33.7090 551.0156 200.4359	0.876 -0.022 -0.493
item_ammo_357_ttt	-49.7384 550.7706 200.4534	0.673 -0.018 -0.242
item_ammo_357_ttt	101.6705 919.7111 -111.5706	0.951 -0.025 -0.576
item_ammo_357_ttt	118.2936 949.6572 -111.5487	0.697 -0.019 -0.266
item_ammo_357_ttt	121.0046 910.2977 -111.5759	1.012 -0.028 -0.650
item_ammo_357_ttt	143.6857 950.1774 -111.5700	0.944 -0.025 -0.567
item_ammo_357_ttt	239.7697 972.1722 224.4209	1.050 -0.029 -0.708
item_ammo_357_ttt	240.7693 988.0606 224.4332	0.907 -0.023 -0.531
item_ammo_357_ttt	291.0942 287.2313 354.4150	1.131 -0.037 -0.802
item_ammo_357_ttt	307.1730 287.5154 354.4158	1.121 -0.035 -0.790
item_ammo_357_ttt	318.6263 288.4367 354.4040	1.261 -0.049 -0.962
item_ammo_357_ttt	326.8198 294.1734 226.1037	0.454 -0.048 -0.016
item_ammo_357_ttt	338.9162 294.3464 226.0726	0.438 -0.049 -0.026
item_ammo_357_ttt	354.7527 292.9696 226.0188	0.411 -0.059 -0.045
item_ammo_357_ttt	71.2679 431.0825 47.9699	0.478 -0.081 -0.000
item_ammo_357_ttt	71.9304 446.1480 47.9700	0.478 -0.079 -0.000
item_ammo_357_ttt	73.1093 464.0514 47.9701	0.478 -0.079 -0.000
item_ammo_357_ttt	96.2363 941.4818 -111.5544	1.003 17.059 -0.023
item_ammo_pistol_ttt	-37.4045 1063.3766 72.4418	-0.313 0.035 -0.432
item_ammo_pistol_ttt	-38.3711 680.3678 208.4579	-0.224 0.034 -0.309
item_ammo_pistol_ttt	-39.1676 711.6594 208.4252	-0.404 0.036 -0.558
item_ammo_pistol_ttt	-40.1153 1753.5662 0.4325	-0.363 0.035 -0.503
item_ammo_pistol_ttt	-44.7091 743.2498 62.4419	-0.312 0.035 -0.432
item_ammo_pistol_ttt	-48.5577 1062.5748 72.4355	-0.348 0.035 -0.480
item_ammo_pistol_ttt	-48.7877 682.6447 208.4383	-0.332 0.035 -0.458
item_ammo_pistol_ttt	-50.4159 715.0708 208.4383	-0.332 0.035 -0.458
item_ammo_pistol_ttt	-51.4723 765.0459 62.4410	-0.317 0.035 -0.438
item_ammo_pistol_ttt	-63.2294 1760.9008 0.4491	-0.273 0.035 -0.377
item_ammo_pistol_ttt	-77.5341 1757.3319 0.4218	-0.423 0.036 -0.584
item_ammo_pistol_ttt	110.0600 320.6391 354.4521	-0.257 0.035 -0.355
item_ammo_pistol_ttt	128.4532 318.9546 354.4460	-0.290 0.035 -0.400
item_ammo_pistol_ttt	138.0315 512.5403 354.4574	-0.227 0.034 -0.314
item_ammo_pistol_ttt	150.1268 512.1562 354.4146	-0.462 0.036 -0.640
item_ammo_pistol_ttt	150.4734 318.9094 354.4242	-0.410 0.036 -0.567
item_ammo_pistol_ttt	153.8228 548.8150 56.1612	-0.087 -0.020 -0.021
item_ammo_pistol_ttt	164.2737 547.6754 56.1211	-0.122 -0.020 -0.030
item_ammo_pistol_ttt	194.1948 205.2943 54.9870	-0.180 -0.222 -10.612
item_ammo_pistol_ttt	204.5083 205.7151 54.9116	-0.042 -0.292 -10.247
item_ammo_pistol_ttt	212.6210 326.4789 224.4366	-0.342 0.036 -0.473
item_ammo_pistol_ttt	216.7061 205.0231 55.0194	-0.036 -0.409 -10.914
item_ammo_pistol_ttt	224.2449 326.8440 224.4159	-0.456 0.036 -0.630
item_ammo_pistol_ttt	257.8892 903.8425 60.4365	-0.342 0.036 -0.473
item_ammo_pistol_ttt	269.4240 902.9787 60.4383	-0.332 0.035 -0.459
item_ammo_pistol_ttt	282.8797 902.2404 60.4241	-0.410 0.036 -0.567
item_ammo_pistol_ttt	45.2023 846.9725 72.4145	-0.463 0.036 -0.640
item_ammo_pistol_ttt	61.3099 846.6204 72.4285	-0.387 0.036 -0.534
item_ammo_pistol_ttt	64.9561 677.5693 232.4355	-0.347 0.035 -0.480
item_ammo_pistol_ttt	74.8312 284.3419 228.4264	-0.398 0.036 -0.550
item_ammo_pistol_ttt	77.9501 677.6503 232.4171	-0.449 0.036 -0.620
item_ammo_pistol_ttt	85.8122 300.9581 228.4402	-0.322 0.035 -0.445
item_ammo_pistol_ttt	91.9377 676.3685 232.4355	-0.347 0.035 -0.480
item_ammo_revolver_ttt	-27.4869 321.9553 200.4238	1.016 -0.027 -0.666
item_ammo_revolver_ttt	-33.2856 466.2702 -103.5876	1.161 -0.039 -0.840
item_ammo_revolver_ttt	-33.2866 482.3664 -103.5758	1.023 -0.030 -0.669
item_ammo_revolver_ttt	-37.0734 322.9154 200.4154	1.113 -0.032 -0.787
item_ammo_revolver_ttt	-43.1217 467.1863 -103.5940	1.237 -0.048 -0.933
item_ammo_revolver_ttt	-48.9126 324.1350 200.4284	0.962 -0.025 -0.600
item_ammo_revolver_ttt	-49.0243 480.4728 -103.5688	0.939 -0.027 -0.567
item_ammo_revolver_ttt	114.6766 624.5580 -143.5919	1.202 -0.041 -0.883
item_ammo_revolver_ttt	115.3793 609.1550 -143.5750	1.005 -0.028 -0.643
item_ammo_revolver_ttt	116.6229 596.3799 -143.5832	1.100 -0.033 -0.759
item_ammo_revolver_ttt	144.6951 1334.4789 176.4234	1.031 -0.030 -0.679
item_ammo_revolver_ttt	144.8475 1354.5958 176.4205	0.627 -0.250 -0.804
item_ammo_revolver_ttt	145.1451 1364.9243 176.4241	1.023 -0.030 -0.669
item_ammo_revolver_ttt	159.9830 846.8972 200.4083	1.195 -0.041 -0.888
item_ammo_revolver_ttt	160.9656 294.4469 34.4118	1.159 -0.037 -0.831
item_ammo_revolver_ttt	168.5772 846.4396 200.4201	1.058 -0.029 -0.719
item_ammo_revolver_ttt	181.2390 295.3949 34.4397	0.833 -0.023 -0.434
item_ammo_revolver_ttt	198.2311 293.8069 34.4296	0.952 -0.026 -0.578
item_ammo_revolver_ttt	216.5426 293.9092 34.4072	1.213 -0.042 -0.896
item_ammo_revolver_ttt	28.8168 1423.3560 32.4039	1.246 -0.046 -0.934
item_ammo_revolver_ttt	329.5909 1208.8458 64.6373	0.454 0.053 0.035
item_ammo_revolver_ttt	388.7345 593.3939 32.4205	1.065 -0.032 -0.722
item_ammo_revolver_ttt	398.5178 591.7362 32.4414	0.819 -0.024 -0.419
item_ammo_revolver_ttt	40.9419 1424.2828 32.4088	1.190 -0.040 -0.866
item_ammo_revolver_ttt	49.4769 404.1644 47.9680	0.481 -0.078 -0.001
item_ammo_revolver_ttt	50.8246 388.9174 47.9671	0.482 -0.079 -0.001
item_ammo_revolver_ttt	51.4175 1426.1290 32.4351	0.885 -0.023 -0.495
item_ammo_revolver_ttt	64.7132 384.5809 47.9655	0.484 -0.079 -0.002
item_ammo_smg1_ttt	-35.5880 974.7156 72.4942	0.361 0.029 0.552
item_ammo_smg1_ttt	-50.1255 975.3948 72.5033	0.729 0.035 0.761
item_ammo_smg1_ttt	163.0629 1063.7170 200.5307	-0.414 -0.026 0.429
item_ammo_smg1_ttt	163.4659 326.5176 224.5252	0.472 0.033 0.492
item_ammo_smg1_ttt	179.8336 326.0847 224.5247	0.478 0.033 0.499
item_ammo_smg1_ttt	181.0304 1061.9512 200.4596	0.192 -0.025 0.341
item_ammo_smg1_ttt	25.9172 1591.0543 269.5246	-7.308 -3.993 19.161
item_ammo_smg1_ttt	347.5725 1242.1603 64.7898	-0.162 -0.016 0.138
item_ammo_smg1_ttt	421.5343 777.6204 32.4830	0.010 0.027 0.368
item_ammo_smg1_ttt	439.4112 777.6647 32.4670	-0.156 0.026 0.330
item_ammo_smg1_ttt	46.3832 1589.2401 270.8513	1.365 0.216 10.977
item_ammo_smg1_ttt	51.6944 558.2266 -103.5207	0.051 -0.026 0.345
item_ammo_smg1_ttt	73.5650 563.6191 -103.5170	-0.008 -0.027 0.367
item_box_buckshot_ttt	-31.5795 913.0110 234.4639	0.389 -0.006 0.305
item_box_buckshot_ttt	-41.8732 535.5984 -103.5574	-0.755 0.035 -1.367
item_box_buckshot_ttt	-44.0127 503.9755 -103.5618	-0.802 0.022 -1.452
item_box_buckshot_ttt	-44.2123 519.2348 -103.5756	-0.275 0.027 -1.107
item_box_buckshot_ttt	-46.9041 912.2742 234.4632	1.110 0.018 -0.122
item_box_buckshot_ttt	-7.7611 1033.8030 224.4305	1.657 -0.009 -0.538
item_box_buckshot_ttt	117.9025 901.7963 72.5124	0.000 4.594 0.000
item_box_buckshot_ttt	133.2891 907.0090 72.4268	1.482 -0.008 -0.392
item_box_buckshot_ttt	19.2948 1035.5865 224.4762	-0.959 -0.018 1.165
item_box_buckshot_ttt	190.8993 391.5419 224.4827	-0.773 -0.012 0.945
item_box_buckshot_ttt	205.9768 391.9252 224.4728	-0.914 -0.016 1.172
item_box_buckshot_ttt	222.1698 393.5617 224.4847	-0.744 -0.009 0.898
item_box_buckshot_ttt	6.4865 1034.0532 224.4142	0.815 -0.009 0.253
setting:	replacespawns 0
ttt_playerspawn	-101.8083 -771.1889 -25.7999	0.083 -0.227 1.778
ttt_playerspawn	-13.4469 -764.0867 -25.6094	-0.009 0.553 1.924
ttt_playerspawn	-146.7686 -613.8048 -25.0610	8.667 -5.719 -2.483
ttt_playerspawn	-147.6981 -702.7337 -22.2666	8.705 -4.852 -2.372
ttt_playerspawn	-207.1662 -771.0751 -23.2612	0.080 -0.083 -1.898
ttt_playerspawn	-239.6812 -587.4589 -11.4285	8.826 -1.711 -1.865
ttt_playerspawn	-297.2812 -774.1367 -23.1592	0.056 -0.383 -1.897
ttt_playerspawn	-310.9428 -643.1373 -11.0227	1.467 -4.051 8.673
ttt_playerspawn	-334.7703 -884.1873 -17.9585	4.208 -2.890 -3.230
ttt_playerspawn	-337.3143 -561.4590 0.3987	-0.051 0.079 0.106
ttt_playerspawn	-379.6844 -775.0444 -20.0716	2.773 0.009 -1.775
ttt_playerspawn	-415.6409 -662.1843 -9.2428	3.104 -0.277 8.820
ttt_playerspawn	-426.7672 -552.9962 0.4199	-0.068 0.007 0.171
ttt_playerspawn	-461.3227 -776.0035 -14.6038	6.058 -0.508 -2.258
ttt_playerspawn	-52.0142 -621.3804 -25.9125	-1.274 -0.170 -1.771
ttt_playerspawn	-62.8162 -888.6599 -27.9588	-0.001 0.016 -2.734
ttt_playerspawn	1005.9165 -697.5349 -27.7871	-0.683 0.032 3.410
ttt_playerspawn	1008.7414 -798.4931 -26.9855	1.353 -0.610 -1.669
ttt_playerspawn	1096.6849 -885.6833 -24.1333	0.007 0.231 -3.630
ttt_playerspawn	1152.2053 -634.9497 -26.0051	-0.443 -0.184 -7.082
ttt_playerspawn	1158.7565 -741.4917 -16.5720	-6.084 0.885 5.098
ttt_playerspawn	1166.5613 -833.2377 -23.2174	-4.383 -0.314 3.797
ttt_playerspawn	1228.0779 -883.4850 -21.5018	-4.350 -0.155 1.442
ttt_playerspawn	168.8998 -756.5533 -28.1152	1.510 0.383 1.612
ttt_playerspawn	182.8183 -570.5275 26.7173	-0.361 0.090 -0.053
ttt_playerspawn	22.9722 -693.2634 -24.6115	0.044 0.000 0.044
ttt_playerspawn	251.9833 -690.8420 -29.2374	1.005 -0.238 0.010
ttt_playerspawn	278.8359 -820.1707 -29.6149	-0.046 0.000 -0.046
ttt_playerspawn	28.6566 -625.3393 -24.6184	-0.047 -0.000 0.047
ttt_playerspawn	335.1005 -738.2716 -29.5880	-0.003 -0.067 0.122
ttt_playerspawn	349.7364 -854.3600 -29.6003	-0.040 -0.000 0.040
ttt_playerspawn	350.8781 -667.4072 -29.5982	-0.047 -0.040 0.065
ttt_playerspawn	442.4698 -754.3376 -29.3925	-0.696 0.235 -0.002
ttt_playerspawn	446.8436 -848.7451 -29.3203	-0.832 0.434 -0.004
ttt_playerspawn	463.7932 -663.3630 -29.1206	-1.603 0.378 -0.000
ttt_playerspawn	539.9164 -832.7358 -27.6803	0.051 0.132 1.881
ttt_playerspawn	542.9366 -776.7209 -27.0661	-1.626 -0.554 0.002
ttt_playerspawn	574.6658 -623.4418 -27.7793	0.089 -0.378 -1.967
ttt_playerspawn	616.7327 -772.0370 -25.8311	0.038 0.572 1.903
ttt_playerspawn	626.2572 -910.1719 -28.3112	-0.295 1.851 -3.468
ttt_playerspawn	654.9145 -618.5315 -27.5001	-1.251 -0.072 -1.756
ttt_playerspawn	698.8735 -776.4902 -23.2201	1.484 -0.038 -3.692
ttt_playerspawn	706.3192 -840.1017 -24.4567	-3.005 0.452 1.623
ttt_playerspawn	727.6036 -640.2617 -24.9715	-1.580 -0.236 -1.839
ttt_playerspawn	788.2136 -864.4567 -20.9373	-3.085 -0.141 1.789
ttt_playerspawn	80.3714 -762.7703 -25.9955	1.402 -0.012 1.960
ttt_playerspawn	828.7352 -717.8699 -28.6131	0.637 0.068 1.189
ttt_playerspawn	831.6978 -773.5410 -26.5761	0.624 -0.471 -3.645
ttt_playerspawn	845.9913 -657.0369 -27.2689	0.318 -0.589 1.751
ttt_playerspawn	930.3727 -583.1478 32.5033	3.153 -1.146 2.689
ttt_playerspawn	96.2989 -891.4023 34.6792	0.182 0.075 0.567
ttt_playerspawn	971.7465 -882.6556 35.8513	0.043 0.082 -1.916
ttt_playerspawn	972.8753 -646.3004 -25.7712	-1.930 7.401 3.184
ttt_random_ammo	-47.2813 915.7901 72.4744	-1.456 -0.026 1.592
ttt_random_ammo	125.6852 1132.1571 32.3891	-0.276 -0.003 0.167
ttt_random_ammo	235.6224 906.0217 224.4769	-0.772 0.016 -0.814
ttt_random_ammo	240.4556 956.5060 60.4064	0.488 -0.003 0.198
ttt_random_ammo	240.9050 880.7041 60.4110	-0.431 0.003 0.117
ttt_random_ammo	252.7092 904.4037 224.3908	-0.301 -0.003 0.142
ttt_random_ammo	262.6207 876.3636 60.3823	-0.278 0.003 -0.195
ttt_random_ammo	266.6635 955.7144 60.4631	-1.730 -0.028 1.860
ttt_random_ammo	268.1345 905.2169 224.3469	-0.354 -0.003 0.288
ttt_random_ammo	288.1644 877.2419 60.3677	-0.300 0.003 -0.237
ttt_random_ammo	293.3409 955.9249 60.3617	-0.312 0.003 -0.251
ttt_random_ammo	33.7087 598.3804 -143.6382	-0.307 0.003 -0.248
ttt_random_ammo	339.4970 1059.2126 225.2100	-1.031 0.026 -1.436
ttt_random_ammo	34.6740 614.3024 -143.6423	-0.315 0.003 -0.256
ttt_random_ammo	36.9586 637.3919 -143.6342	-0.298 0.003 -0.239
ttt_random_ammo	372.0783 604.4002 207.1610	0.091 0.000 0.048
ttt_random_ammo	387.3780 603.3036 207.1754	0.289 0.002 0.297
ttt_random_ammo	400.9511 910.2141 229.1489	-0.043 -0.000 -0.028
ttt_random_ammo	402.2529 947.2084 70.1385	0.112 0.026 0.121
ttt_random_ammo	406.4039 979.8876 70.1116	-1.389 -2.804 -0.683
ttt_random_ammo	93.0855 846.9426 72.3571	0.305 -0.003 -0.247
ttt_random_weapon	248.6207 921.0414 225.7088	-1.665 -14.808 84.833
ttt_random_weapon	375.7769 613.6897 207.9080	2.166 0.845 -92.700
weapon_ttt_confgrenade	104.4264 171.0092 57.7678	1.864 0.291 -0.632
weapon_ttt_confgrenade	107.5130 156.0691 57.8726	0.473 -1.530 0.129
weapon_ttt_confgrenade	110.7470 162.6319 57.8645	-1.923 0.064 1.180
weapon_ttt_confgrenade	116.2043 343.2981 357.5103	2.198 0.255 -0.656
weapon_ttt_confgrenade	129.7467 329.2477 57.7621	2.007 0.219 -0.599
weapon_ttt_confgrenade	135.7298 390.5277 227.5652	1.322 -0.242 0.417
weapon_ttt_confgrenade	142.4935 385.1602 227.5128	2.145 -0.265 0.677
weapon_ttt_confgrenade	165.0277 397.0605 227.4974	2.384 -0.214 0.753
weapon_ttt_confgrenade	202.5299 289.7777 115.5082	2.053 0.267 -0.859
weapon_ttt_confgrenade	220.0426 288.4300 115.4947	2.248 0.179 -0.942
weapon_ttt_confgrenade	402.5726 1070.5822 290.6625	0.443 0.283 -0.150
weapon_ttt_confgrenade	87.0866 594.2746 -140.4229	0.857 0.134 -0.219
weapon_ttt_confgrenade	89.3695 626.5213 -140.4480	1.160 0.136 -0.296
weapon_ttt_confgrenade	89.9558 608.2478 -140.4970	1.744 0.170 -0.445
weapon_ttt_m16	-37.0711 770.2460 63.2203	2.223 -51.747 85.975
weapon_ttt_m16	-65.2719 1737.0460 1.1766	2.227 -8.225 84.434
weapon_ttt_m16	110.0536 552.9904 56.8071	1.712 0.758 84.993
weapon_ttt_m16	112.8503 690.5663 233.0092	1.510 -31.926 84.678
weapon_ttt_m16	129.7296 297.2698 355.1498	2.136 -8.325 84.198
weapon_ttt_m16	156.4230 216.5173 57.3315	2.287 1.509 115.479
weapon_ttt_m16	264.0946 936.2014 61.1353	2.006 -8.100 84.545
weapon_ttt_smokegrenade	-40.0560 1026.4471 76.5063	0.272 0.003 0.057
weapon_ttt_smokegrenade	-41.7106 1014.7506 76.5231	0.538 0.007 -0.268
weapon_ttt_smokegrenade	-45.4546 1005.2991 76.5186	0.420 0.004 -0.129
weapon_ttt_smokegrenade	108.9795 1003.1626 238.5937	2.500 -0.128 -2.579
weapon_ttt_smokegrenade	110.0926 1013.2849 238.5108	0.316 0.002 0.010
weapon_ttt_smokegrenade	145.2760 397.3088 228.6424	0.402 -1.255 0.163
weapon_ttt_smokegrenade	149.1678 397.5039 225.8517	-32.612 -37.415 -90.194
weapon_ttt_smokegrenade	149.9468 340.1322 358.5829	2.839 -0.128 -2.941
weapon_ttt_smokegrenade	155.4820 385.3672 228.6883	2.687 -2.701 -4.746
weapon_ttt_smokegrenade	159.3617 289.4417 116.6068	2.163 -0.124 -2.237
weapon_ttt_smokegrenade	173.9894 287.8743 116.6718	-1.647 -0.743 1.814
weapon_ttt_smokegrenade	392.5668 1071.6498 291.7114	1.320 -0.141 -1.105
weapon_ttt_smokegrenade	433.4339 692.5286 244.5508	0.761 0.005 0.351
weapon_ttt_smokegrenade	434.4925 681.2742 244.5311	0.253 -0.182 -0.050
weapon_ttt_smokegrenade	435.9717 668.4579 244.6068	0.126 -0.230 -0.021
weapon_ttt_smokegrenade	59.9641 626.6014 -139.3868	1.981 -0.120 -2.035
weapon_ttt_smokegrenade	60.8086 610.3032 -139.4766	0.552 0.007 -0.255
weapon_ttt_smokegrenade	61.0563 597.9424 -139.4633	2.380 -0.004 -2.295
weapon_zm_mac10	-44.2232 957.4375 73.2093	-0.341 -36.680 -88.238
weapon_zm_mac10	103.8397 573.5946 -102.7645	-0.119 -44.430 -88.608
weapon_zm_mac10	167.3176 1083.0010 201.2194	-0.454 -36.249 -88.478
weapon_zm_mac10	168.4702 351.7368 225.3169	0.064 -50.578 -88.867
weapon_zm_mac10	31.2141 1564.4579 262.0787	-9.014 1.311 -71.336
weapon_zm_mac10	396.6960 866.1037 230.0224	-0.722 -61.763 -88.604
weapon_zm_mac10	436.6714 804.3807 33.2426	-0.116 -44.429 -88.631
weapon_zm_molotov	107.3139 929.0053 238.5270	0.722 0.010 -0.468
weapon_zm_molotov	108.3404 938.3260 238.5227	0.543 0.007 -0.263
weapon_zm_molotov	130.9408 342.4966 358.5327	1.161 0.012 -0.961
weapon_zm_molotov	145.6862 408.7560 228.5150	0.280 -0.157 -0.057
weapon_zm_molotov	158.2283 380.7450 225.6302	38.451 -111.768 -89.946
weapon_zm_molotov	162.7697 407.1913 228.6109	0.119 -0.230 -0.019
weapon_zm_molotov	179.0386 863.3090 204.6131	0.828 -4.599 -1.200
weapon_zm_molotov	186.5128 863.9946 204.5354	0.246 -0.185 -0.049
weapon_zm_molotov	187.0635 288.0982 116.4930	0.224 0.001 0.135
weapon_zm_molotov	194.9674 864.7656 204.5024	0.302 -0.108 -0.062
weapon_zm_molotov	251.2576 163.7948 58.7334	0.287 0.002 0.158
weapon_zm_molotov	255.9938 168.7760 58.7361	0.294 0.003 0.142
weapon_zm_molotov	256.4231 158.6953 58.7713	2.938 -0.019 -2.861
weapon_zm_molotov	321.9336 1218.1447 68.7636	0.337 0.003 0.117
weapon_zm_molotov	327.1566 1230.1095 68.7830	0.675 0.009 -0.306
weapon_zm_molotov	334.3543 1229.6371 68.7934	2.899 -0.018 -2.791
weapon_zm_molotov	410.6724 606.2369 36.6480	-4.407 2.626 4.847
weapon_zm_molotov	411.3940 601.1948 36.5360	2.382 -0.004 -2.313
weapon_zm_molotov	411.9489 596.7053 36.6229	4.024 -1.644 -4.929
weapon_zm_molotov	412.6213 1070.8048 291.6557	2.003 -0.117 -2.054
weapon_zm_molotov	73.7904 417.6646 52.0757	3.008 -0.120 -3.156
weapon_zm_molotov	74.5148 594.7106 -139.4633	2.377 -0.004 -2.292
weapon_zm_molotov	74.9472 607.8751 -139.3924	2.184 -0.124 -2.253
weapon_zm_molotov	75.0801 626.3492 -139.4042	2.487 -0.127 -2.561
weapon_zm_pistol	-46.2785 1045.7518 72.3599	0.446 36.661 89.107
weapon_zm_pistol	-47.6449 659.5059 208.2977	0.016 35.151 88.124
weapon_zm_pistol	-61.5698 1711.8345 0.2910	-0.123 36.013 88.324
weapon_zm_pistol	141.9475 529.0716 355.5181	-0.800 -36.239 -91.138
weapon_zm_pistol	216.2450 346.9157 224.2301	-0.650 35.367 88.591
weapon_zm_pistol	241.4709 918.3867 60.2977	0.016 35.151 88.124
weapon_zm_pistol	52.9402 828.3812 72.3184	-0.162 37.566 90.361
weapon_zm_pistol	87.1689 283.9255 228.2911	0.018 35.156 87.989
weapon_zm_revolver	-38.8669 452.4119 -102.0788	2.529 -20.544 -83.786
weapon_zm_revolver	-45.5146 303.5196 201.8666	2.176 -18.902 -83.982
weapon_zm_revolver	109.9109 643.5607 -142.0696	2.428 -20.394 -84.145
weapon_zm_revolver	138.1581 1376.3705 177.8748	2.454 -30.077 -85.356
weapon_zm_revolver	160.0798 863.4709 201.8414	2.127 -18.866 -83.714
weapon_zm_revolver	230.6914 333.1567 56.2367	3.395 -29.131 -83.777
weapon_zm_revolver	346.6366 1215.1572 66.1827	2.472 -21.292 -84.171
weapon_zm_revolver	389.0425 605.4580 33.9127	2.552 -20.527 -83.568
weapon_zm_revolver	59.6323 399.9028 49.4724	2.386 -18.746 -85.111
weapon_zm_rifle	-44.8279 533.1740 201.3293	3.333 11.498 64.713
weapon_zm_rifle	120.0940 933.6254 -110.6075	3.317 10.227 65.517
weapon_zm_rifle	223.0496 986.8047 225.3650	3.045 -72.223 66.436
weapon_zm_rifle	329.0363 281.1721 227.0648	3.118 5.498 67.349
weapon_zm_rifle	340.6742 293.1978 355.3120	3.307 11.755 64.913
weapon_zm_rifle	56.7921 459.3574 48.8933	3.155 -76.514 67.403
weapon_zm_rifle	79.7671 919.0450 -110.6047	3.496 83.566 65.283
weapon_zm_shotgun	-13.5929 1053.3866 225.2623	-0.438 9.241 84.126
weapon_zm_shotgun	-54.2008 896.3286 235.4633	1.300 5.364 83.487
weapon_zm_shotgun	116.0233 919.5076 73.2506	-0.635 62.200 84.733
weapon_zm_shotgun	187.3000 375.3427 225.0336	-0.475 5.098 -84.853
weapon_zm_shotgun	57.5974 635.0356 -143.0173	-0.616 15.845 -83.952
weapon_zm_sledge	-49.1340 428.0598 229.7681	0.820 -57.883 88.446
weapon_zm_sledge	254.9837 975.0162 64.4193	18.498 0.206 2.873
weapon_zm_sledge	268.1089 991.7095 64.4296	18.592 0.198 2.844
