# Exported by: [CM] Badger
# For map: ttt_whitehouse_b2
# Trouble in Terrorist Town weapon/ammo placement overrides
item_ammo_357_ttt	-35.681198 -820.815002 77.077103	0.000 0.000 0.000
item_ammo_357_ttt	-36.401901 -800.090027 77.077103	0.000 0.000 0.000
item_ammo_357_ttt	1322.229980 -2021.709961 -414.082001	0.000 57.500 0.000
item_ammo_357_ttt	1339.310059 -2021.910034 -414.082001	0.000 104.500 0.000
item_ammo_357_ttt	1422.680054 -1974.589966 -415.026001	0.000 229.500 0.000
item_ammo_357_ttt	1432.219971 -1978.930054 -415.026001	0.000 192.500 0.000
item_ammo_357_ttt	1981.496826 -738.107483 104.405579	0.465 0.056 0.025
item_ammo_357_ttt	1993.391357 -732.449097 105.999069	0.287 -1.065 22.395
item_ammo_357_ttt	2017.748535 -733.868347 104.342567	0.453 0.064 0.050
item_ammo_357_ttt	2033.845581 -729.701233 104.431328	1.299 -0.404 -1.132
item_ammo_357_ttt	2411.106934 -744.644958 68.580276	-0.115 0.183 90.632
item_ammo_357_ttt	2411.124756 -720.975403 65.873604	0.485 0.886 -17.631
item_ammo_357_ttt	2418.910645 -713.657593 67.402527	89.764 -136.128 179.940
item_ammo_357_ttt	2431.056641 -712.431824 64.466812	0.459 3.521 -0.061
item_ammo_357_ttt	2431.609863 -740.667969 67.003227	0.497 2.677 -33.318
item_ammo_357_ttt	2432.338623 -723.819275 67.078949	-2.160 -3.844 -20.689
item_ammo_357_ttt	2447.989990 -713.724976 64.468491	0.172 -0.816 0.195
item_ammo_357_ttt	2451.637451 -734.631592 65.330048	0.493 -0.935 -10.679
item_ammo_357_ttt	2452.910400 -747.956665 64.336555	0.451 0.063 0.054
item_ammo_357_ttt	2452.959717 -725.866455 69.139687	-0.007 18.043 -89.983
item_ammo_357_ttt	533.823975 -860.075012 65.275803	0.000 0.000 0.000
item_ammo_357_ttt	544.854980 -377.647003 230.160004	0.000 0.000 0.000
item_ammo_357_ttt	551.999023 -822.494995 65.275803	0.000 0.000 0.000
item_ammo_357_ttt	555.268005 -378.183014 230.160004	0.000 0.000 0.000
item_ammo_357_ttt	605.966980 -815.659973 65.275803	0.000 0.000 0.000
item_ammo_357_ttt	811.692993 -2092.800049 -396.941010	0.000 57.500 0.000
item_ammo_357_ttt	814.971985 -2082.350098 -396.941010	0.000 57.500 0.000
item_ammo_pistol_ttt	100.184998 -818.018005 98.073303	0.000 288.000 0.000
item_ammo_pistol_ttt	1000.094604 -850.373535 64.421974	-0.390 0.703 -0.626
item_ammo_pistol_ttt	1001.049622 -883.011902 99.067039	0.030 -0.479 5.097
item_ammo_pistol_ttt	1006.221619 -798.737305 64.402130	0.629 -0.765 -0.077
item_ammo_pistol_ttt	1012.263611 -803.056458 64.447716	-0.178 -0.536 -0.032
item_ammo_pistol_ttt	1054.099976 -1648.079956 -415.584015	0.000 54.500 0.000
item_ammo_pistol_ttt	1067.680054 -1647.910034 -416.584015	0.000 54.500 0.000
item_ammo_pistol_ttt	1081.839966 -1647.380005 -416.549011	0.000 54.500 0.000
item_ammo_pistol_ttt	1113.000000 -1647.709961 -415.584015	0.000 54.500 0.000
item_ammo_pistol_ttt	1126.589966 -1647.550049 -416.584015	0.000 54.500 0.000
item_ammo_pistol_ttt	1140.739990 -1647.010010 -416.549011	0.000 54.500 0.000
item_ammo_pistol_ttt	1271.569946 -856.379028 64.280197	0.000 0.000 0.000
item_ammo_pistol_ttt	1285.670044 -854.728027 64.280197	0.000 0.000 0.000
item_ammo_pistol_ttt	1290.609985 -2021.510010 -415.078003	0.000 101.000 0.000
item_ammo_pistol_ttt	1300.390015 -855.695984 64.280197	0.000 0.000 0.000
item_ammo_pistol_ttt	1733.864380 -764.261658 64.376518	-0.394 1.802 0.031
item_ammo_pistol_ttt	1738.972534 -789.196960 101.482033	0.119 -0.012 -0.134
item_ammo_pistol_ttt	1767.152588 -772.376343 101.332405	0.208 0.023 -0.177
item_ammo_pistol_ttt	2028.760498 -790.134583 104.392120	-0.021 -0.031 0.003
item_ammo_pistol_ttt	2043.152344 -797.213318 104.378258	0.105 0.020 -0.032
item_ammo_pistol_ttt	2053.684570 -801.099182 104.352310	-0.029 -0.030 0.004
item_ammo_pistol_ttt	2065.036865 -776.560791 106.090065	0.003 -2.642 3.034
item_ammo_pistol_ttt	2089.107666 -781.049194 104.320290	0.156 0.017 -0.047
item_ammo_pistol_ttt	2095.957764 -780.096924 104.358604	0.122 0.019 -0.037
item_ammo_pistol_ttt	210.867004 -862.867004 65.280098	0.000 0.000 0.000
item_ammo_pistol_ttt	2109.185059 -780.439941 104.359818	-0.081 0.023 0.020
item_ammo_pistol_ttt	4.283330 -372.203003 230.164001	0.000 83.500 0.000
item_ammo_pistol_ttt	4.968260 -361.910004 230.164001	0.000 83.500 0.000
item_ammo_pistol_ttt	418.263000 -2087.040039 -413.614990	0.000 310.000 0.000
item_ammo_pistol_ttt	438.243011 -2089.129883 -413.614990	0.000 35.500 0.000
item_ammo_pistol_ttt	522.007996 -798.987976 -447.720001	0.000 0.000 0.000
item_ammo_pistol_ttt	532.463013 -798.218994 -447.720001	0.000 0.000 0.000
item_ammo_pistol_ttt	536.465027 -866.544983 -415.089996	0.000 83.500 0.000
item_ammo_pistol_ttt	542.124023 -798.879028 -447.720001	0.000 0.000 0.000
item_ammo_pistol_ttt	550.023010 -798.145020 -447.720001	0.000 0.000 0.000
item_ammo_pistol_ttt	710.059021 -530.637024 199.035004	0.000 83.500 0.000
item_ammo_pistol_ttt	711.807007 -476.894989 196.279999	0.000 83.500 0.000
item_ammo_pistol_ttt	747.158386 -934.522034 83.682358	28.940 1.223 -0.502
item_ammo_pistol_ttt	755.704346 -761.463135 98.176361	-0.158 -0.019 -0.312
item_ammo_pistol_ttt	758.389282 -934.558899 82.306450	0.013 -0.147 -0.442
item_ammo_pistol_ttt	759.298218 -738.654541 98.124657	0.446 4.442 -0.261
item_ammo_pistol_ttt	773.653564 -934.419434 82.305946	-0.027 0.865 -0.442
item_ammo_pistol_ttt	787.198669 -934.463989 82.302391	0.109 0.016 -0.441
item_ammo_pistol_ttt	795.856262 -861.370728 64.424301	-0.177 1.012 -0.542
item_ammo_pistol_ttt	797.072937 -729.571472 64.471222	0.713 1.904 0.052
item_ammo_pistol_ttt	797.799011 -747.881470 64.491096	0.154 0.572 0.000
item_ammo_pistol_ttt	801.610352 -747.887634 76.058922	-0.012 0.124 0.003
item_ammo_pistol_ttt	802.190063 -934.150574 83.512230	0.158 3.975 -8.335
item_ammo_pistol_ttt	802.465820 -729.294678 78.839493	-88.990 -173.310 174.233
item_ammo_pistol_ttt	806.552917 -747.748047 64.479553	0.118 -0.317 0.037
item_ammo_pistol_ttt	806.938477 -729.393311 64.532417	0.104 -0.418 0.253
item_ammo_pistol_ttt	807.564636 -862.676819 64.460274	0.857 4.081 0.027
item_ammo_pistol_ttt	810.973633 -729.190491 78.975609	88.356 177.892 179.471
item_ammo_pistol_ttt	813.197510 -747.814331 64.476982	0.437 2.614 0.000
item_ammo_pistol_ttt	813.611267 -896.685852 64.390350	-0.095 -0.020 -0.029
item_ammo_pistol_ttt	813.769836 -878.268250 64.463242	0.172 -4.043 0.175
item_ammo_pistol_ttt	816.682251 -729.410339 64.475967	0.457 -2.301 -0.000
item_ammo_pistol_ttt	818.631226 -934.920288 83.674698	-1.811 0.060 -8.787
item_ammo_pistol_ttt	823.918213 -871.454163 64.365631	-0.561 0.029 -0.225
item_ammo_pistol_ttt	824.533020 -890.050720 64.429840	-0.060 -0.020 -0.018
item_ammo_pistol_ttt	826.750366 -771.015381 67.277695	89.139 42.407 -179.147
item_ammo_pistol_ttt	836.325989 -2126.860107 -447.776001	0.000 310.000 0.000
item_ammo_pistol_ttt	836.616211 -885.660400 64.370750	-0.112 -0.020 -0.034
item_ammo_pistol_ttt	850.786011 -2129.310059 -447.776001	0.000 310.000 0.000
item_ammo_pistol_ttt	867.127014 -2130.840088 -447.776001	0.000 310.000 0.000
item_ammo_pistol_ttt	909.588257 -950.673218 67.312088	-89.597 177.808 -176.732
item_ammo_pistol_ttt	911.199158 -936.483826 67.994881	85.362 -73.097 -68.705
item_ammo_pistol_ttt	915.160828 -950.106140 71.655739	-1.367 -0.207 4.207
item_ammo_pistol_ttt	925.367798 -942.433960 66.282867	-0.387 -2.565 -0.958
item_ammo_pistol_ttt	936.682678 -950.418762 66.201233	-0.011 1.498 -11.482
item_ammo_pistol_ttt	969.369080 -878.366577 98.212601	-0.049 -0.101 -0.280
item_ammo_pistol_ttt	979.817322 -867.522278 98.166702	-0.014 -0.014 -0.270
item_ammo_pistol_ttt	98.789101 -794.387024 98.073303	0.000 288.000 0.000
item_ammo_pistol_ttt	98.829102 -784.994995 98.073303	0.000 288.000 0.000
item_ammo_pistol_ttt	980.447998 -743.484009 99.796402	0.000 0.000 0.000
item_ammo_pistol_ttt	982.437561 -832.168030 67.350082	-89.150 -40.091 161.505
item_ammo_pistol_ttt	989.286072 -847.060303 68.070999	14.458 -0.968 20.348
item_ammo_pistol_ttt	99.369499 -833.309021 98.073303	0.000 288.000 0.000
item_ammo_pistol_ttt	99.488899 -805.302002 98.073303	0.000 288.000 0.000
item_ammo_pistol_ttt	992.505432 -836.246033 76.250916	16.554 1.029 -41.172
item_ammo_pistol_ttt	997.621521 -814.869934 64.465721	-0.494 -0.553 -0.059
item_ammo_pistol_ttt	998.203003 -749.530029 99.796402	0.000 0.000 0.000
item_ammo_revolver_ttt	0.241913 -49.323601 64.276001	0.000 0.000 0.000
item_ammo_revolver_ttt	1870.159790 -877.237000 64.393829	0.462 0.054 0.031
item_ammo_revolver_ttt	1885.858643 -873.894409 64.330353	0.449 0.067 0.056
item_ammo_revolver_ttt	1910.081421 -889.637695 64.432693	0.470 0.052 0.015
item_ammo_revolver_ttt	1929.421387 -746.870422 104.334610	0.451 0.066 0.053
item_ammo_revolver_ttt	1941.473633 -751.911743 104.369995	0.458 0.059 0.039
item_ammo_revolver_ttt	2162.827637 -888.101563 64.332451	0.450 0.063 0.056
item_ammo_revolver_ttt	2163.921875 -877.238708 64.408363	0.671 0.307 -0.002
item_ammo_revolver_ttt	2173.532715 -880.086609 64.436440	1.049 -0.445 -0.882
item_ammo_revolver_ttt	2497.105225 -200.570175 64.328224	0.449 0.067 0.057
item_ammo_revolver_ttt	2505.269775 -202.421402 64.423843	0.468 0.053 0.019
item_ammo_revolver_ttt	2644.709961 -416.997009 98.159599	0.000 296.500 0.000
item_ammo_revolver_ttt	2660.360107 -419.373993 98.159599	0.000 237.000 0.000
item_ammo_revolver_ttt	2784.370117 -523.239014 64.275803	0.000 0.000 0.000
item_ammo_revolver_ttt	2866.292969 -232.479202 64.366493	0.728 -0.040 0.013
item_ammo_revolver_ttt	2874.636719 -234.120834 64.366852	0.457 0.057 0.042
item_ammo_revolver_ttt	3188.270020 -675.309998 106.276001	0.000 180.000 0.000
item_ammo_revolver_ttt	3188.300049 -696.926025 106.276001	0.000 180.000 0.000
item_ammo_revolver_ttt	3188.340088 -718.541016 106.276001	0.000 180.000 0.000
item_ammo_revolver_ttt	3189.100098 -652.849976 106.276001	0.000 180.000 0.000
item_ammo_revolver_ttt	535.393005 -654.854980 -412.591003	0.000 26.500 0.000
item_ammo_revolver_ttt	535.952026 -624.668030 -412.591003	0.000 327.000 0.000
item_ammo_revolver_ttt	60.967899 -43.083599 64.276001	0.000 0.000 0.000
item_ammo_revolver_ttt	657.182983 -464.257996 106.276001	0.000 296.500 0.000
item_ammo_revolver_ttt	687.369995 -464.816986 106.276001	0.000 237.000 0.000
item_ammo_revolver_ttt	707.336975 -2218.479980 -445.723999	0.000 0.000 0.000
item_ammo_revolver_ttt	722.731018 -2219.590088 -445.723999	0.000 0.000 0.000
item_ammo_revolver_ttt	97.682503 -795.606995 76.513603	0.000 118.000 0.000
item_ammo_revolver_ttt	98.151299 -821.518005 76.513603	0.000 118.000 0.000
item_ammo_revolver_ttt	98.226097 -809.604980 76.513603	0.000 118.000 0.000
item_ammo_smg1_ttt	-167.006271 -882.655212 104.798508	0.033 0.197 6.025
item_ammo_smg1_ttt	-173.281845 -495.635529 64.401741	0.170 -0.005 0.102
item_ammo_smg1_ttt	-189.102234 -885.041077 103.977737	-0.054 -0.035 -0.030
item_ammo_smg1_ttt	-190.093521 -489.748657 64.552803	0.074 -0.204 0.031
item_ammo_smg1_ttt	-193.363861 -467.959473 66.388634	-1.654 14.388 4.355
item_ammo_smg1_ttt	-446.520294 -885.980469 103.982841	-0.332 -0.092 -0.243
item_ammo_smg1_ttt	-462.927948 -885.959595 104.034821	0.368 0.180 -0.249
item_ammo_smg1_ttt	1587.648926 -808.843201 64.523331	0.112 0.475 0.071
item_ammo_smg1_ttt	1589.968750 -807.955627 78.308510	0.151 -0.009 0.076
item_ammo_smg1_ttt	1590.590088 -788.755676 64.517258	0.128 -0.529 -0.055
item_ammo_smg1_ttt	1598.920654 -787.095459 77.684113	13.833 -1.007 -0.104
item_ammo_smg1_ttt	1600.730591 -783.289673 70.046791	88.823 -4.998 -2.256
item_ammo_smg1_ttt	1606.931763 -811.857605 78.228462	-0.326 0.073 -0.261
item_ammo_smg1_ttt	1610.516479 -819.374207 64.530708	-0.312 0.114 -0.267
item_ammo_smg1_ttt	1953.910522 -770.570618 104.535721	-0.251 -0.350 -0.096
item_ammo_smg1_ttt	1962.825317 -750.876709 104.442070	-0.093 0.012 -0.047
item_ammo_smg1_ttt	2000.793213 -753.523865 104.510353	-0.381 0.022 -0.337
item_ammo_smg1_ttt	2007.855347 -787.846313 104.434563	0.947 -0.000 0.622
item_ammo_smg1_ttt	2017.908325 -758.902466 104.500206	-0.840 0.012 -0.629
item_box_buckshot_ttt	-148.311996 -2071.919922 -468.321014	0.000 268.000 0.000
item_box_buckshot_ttt	-162.203003 -2067.830078 -468.321014	0.000 234.000 0.000
item_box_buckshot_ttt	-175.996002 -2071.689941 -468.321014	0.000 289.000 0.000
item_box_buckshot_ttt	-22.883699 -1685.439941 -413.821991	0.000 268.000 0.000
item_box_buckshot_ttt	-36.773899 -1681.349976 -413.821991	0.000 234.000 0.000
item_box_buckshot_ttt	-50.567699 -1685.209961 -413.821991	0.000 289.000 0.000
item_box_buckshot_ttt	1199.079102 -860.883240 65.438675	0.241 1.086 15.199
item_box_buckshot_ttt	1199.552612 -872.638855 64.437874	-0.311 0.447 0.353
item_box_buckshot_ttt	1218.729126 -870.493835 64.341072	0.529 0.003 -0.419
item_box_buckshot_ttt	1243.193237 -862.624878 64.423355	-0.692 -0.006 0.618
item_box_buckshot_ttt	1364.807983 -754.096375 64.334961	0.387 0.004 -0.302
item_box_buckshot_ttt	1374.945068 -862.637573 65.542152	0.327 0.974 17.295
item_box_buckshot_ttt	1377.841309 -758.966919 64.431305	-0.671 -0.004 0.538
item_box_buckshot_ttt	1378.375244 -874.574402 64.388435	-0.935 0.003 0.801
item_box_buckshot_ttt	1393.714844 -873.525635 64.347252	0.712 0.003 -0.568
item_box_buckshot_ttt	1396.422241 -765.552734 64.377640	0.311 0.003 -0.167
item_box_buckshot_ttt	2031.544922 -303.184265 64.754425	-0.869 -0.011 0.771
item_box_buckshot_ttt	2043.931030 -307.566528 64.735580	-0.590 -0.005 0.563
item_box_buckshot_ttt	2072.131836 -309.501862 64.755051	-0.856 -0.010 0.764
item_box_buckshot_ttt	2233.251465 -451.489166 64.732162	-0.006 0.002 0.088
item_box_buckshot_ttt	2237.340088 -409.665100 64.785927	-0.652 -0.004 0.517
item_box_buckshot_ttt	2240.079834 -380.341827 64.726494	0.751 -0.022 -0.518
item_box_buckshot_ttt	2250.601318 -449.374847 64.853340	0.274 -0.202 -0.067
item_box_buckshot_ttt	2253.743164 -416.366333 64.707428	1.039 0.001 -0.835
item_box_buckshot_ttt	2259.238770 -373.168091 64.785599	-0.623 -0.007 0.553
item_box_buckshot_ttt	2374.909912 -202.822006 64.293900	0.000 0.000 0.000
item_box_buckshot_ttt	2392.530029 -204.479996 64.293900	0.000 0.000 0.000
item_box_buckshot_ttt	2409.370117 -257.532990 64.293900	0.000 0.000 0.000
item_box_buckshot_ttt	2409.969971 -237.216995 64.293900	0.000 0.000 0.000
item_box_buckshot_ttt	2410.000000 -214.817993 64.293900	0.000 0.000 0.000
item_box_buckshot_ttt	2417.560059 -201.289001 64.293900	0.000 0.000 0.000
item_box_buckshot_ttt	2419.350098 -989.409180 96.974319	-0.608 -0.003 0.557
item_box_buckshot_ttt	2424.475586 -1002.478149 96.969513	-0.036 0.003 0.095
item_box_buckshot_ttt	2424.996094 -966.642151 64.378937	-0.073 0.000 -0.006
item_box_buckshot_ttt	2426.010010 -258.441986 64.293900	0.000 0.000 0.000
item_box_buckshot_ttt	2426.610107 -238.126999 64.293900	0.000 0.000 0.000
item_box_buckshot_ttt	2426.639893 -215.727997 64.293900	0.000 0.000 0.000
item_box_buckshot_ttt	2436.280029 -202.613998 64.293900	0.000 0.000 0.000
item_box_buckshot_ttt	2438.153076 -1026.012695 96.960564	0.756 -0.020 -0.548
item_box_buckshot_ttt	2438.506104 -992.890320 97.023369	-0.924 -0.018 0.928
item_box_buckshot_ttt	2438.510498 -964.714600 64.432335	0.349 -0.289 0.608
item_box_buckshot_ttt	2449.098389 -996.295959 98.322144	-0.024 -4.140 -15.288
item_box_buckshot_ttt	2450.887695 -1027.899902 97.013992	-0.008 -0.078 0.010
item_box_buckshot_ttt	2452.373291 -964.543152 64.385933	1.112 0.004 0.959
item_box_buckshot_ttt	2467.034424 -993.677673 96.967514	-0.991 -0.010 0.803
item_box_buckshot_ttt	2470.316162 -1003.886597 97.010803	1.392 -1.939 -0.093
item_box_buckshot_ttt	2559.989990 -1113.930054 97.164597	0.000 90.000 0.000
item_box_buckshot_ttt	2693.350098 -1117.119995 97.164597	0.000 90.000 0.000
item_box_buckshot_ttt	723.572998 -801.971985 64.293900	0.000 0.000 0.000
item_box_buckshot_ttt	748.349976 -194.184006 64.293900	0.000 0.000 0.000
item_box_buckshot_ttt	749.418030 -813.544006 64.293900	0.000 0.000 0.000
item_box_buckshot_ttt	764.908020 -218.505005 64.293900	0.000 0.000 0.000
item_box_buckshot_ttt	766.723022 -186.804993 64.293900	0.000 0.000 0.000
item_box_buckshot_ttt	770.023010 -830.937012 64.293900	0.000 0.000 0.000
item_box_buckshot_ttt	829.619019 -1663.630005 -447.705994	0.000 268.000 0.000
item_box_buckshot_ttt	851.135986 -1665.189941 -447.705994	0.000 268.000 0.000
setting:	replacespawns 1
weapon_ttt_confgrenade	-32.215302 -804.270020 107.513000	0.000 0.000 0.000
weapon_ttt_confgrenade	-32.215302 -817.471985 108.359001	0.000 0.000 0.000
weapon_ttt_confgrenade	182.126007 -867.846985 65.000000	0.000 0.000 0.000
weapon_ttt_confgrenade	2857.189453 -373.332489 64.550110	16.738 37.374 15.534
weapon_ttt_confgrenade	2859.194336 -377.974823 65.559280	-77.916 -137.086 5.463
weapon_ttt_confgrenade	2861.482178 -371.956787 66.267738	12.877 -39.478 -92.694
weapon_ttt_confgrenade	2864.822998 -376.648621 66.200447	12.535 -22.598 -90.922
weapon_ttt_confgrenade	2866.111572 -366.249390 66.288216	13.444 -42.473 -92.943
weapon_ttt_confgrenade	2867.956787 -379.654999 65.506828	32.050 -18.752 -67.028
weapon_ttt_confgrenade	2871.770508 -368.355804 66.410858	13.370 -20.756 94.895
weapon_ttt_confgrenade	2871.879883 -367.307892 66.299271	12.884 -33.591 -93.203
weapon_ttt_confgrenade	2873.424805 -376.382141 66.811531	38.854 8.212 100.219
weapon_ttt_confgrenade	2875.633545 -376.928833 66.868828	38.021 -35.084 -101.801
weapon_ttt_confgrenade	840.466064 -945.963989 66.352386	12.833 -131.480 93.560
weapon_ttt_confgrenade	844.619629 -941.442688 66.282745	10.624 -36.166 -93.464
weapon_ttt_confgrenade	844.748901 -955.185303 66.108086	13.043 -31.985 -90.048
weapon_ttt_confgrenade	851.372314 -945.688904 66.213600	12.945 -32.361 -91.783
weapon_ttt_galil	-164.987289 -877.690918 104.700005	0.357 -17.061 -87.883
weapon_ttt_galil	-189.240906 -472.206482 65.249542	0.518 0.391 -88.343
weapon_ttt_galil	-448.561646 -872.823059 104.758018	0.657 -21.972 -88.068
weapon_ttt_glock	1002.739014 -829.003418 65.082962	-0.216 28.818 90.103
weapon_ttt_glock	1012.072754 -824.220032 65.108398	-0.537 25.454 91.031
weapon_ttt_glock	1016.386719 -812.666443 64.114059	2.647 4.202 6.708
weapon_ttt_glock	1016.608887 -837.224976 64.126587	1.326 1.562 4.192
weapon_ttt_glock	1750.172119 -795.942749 102.094276	-0.029 26.060 90.355
weapon_ttt_glock	1750.835205 -779.497375 102.055328	-0.014 25.180 90.326
weapon_ttt_glock	1758.476196 -787.966614 102.050438	-0.003 25.795 90.310
weapon_ttt_glock	762.965820 -890.002197 88.673386	1.812 0.278 0.072
weapon_ttt_glock	777.722412 -877.377441 88.645279	1.845 0.534 -0.029
weapon_ttt_glock	784.163757 -892.598083 88.683273	1.956 0.373 -0.070
weapon_ttt_glock	796.415344 -936.357605 82.920410	0.117 14.533 89.576
weapon_ttt_glock	805.937195 -936.593933 82.926422	0.199 27.913 89.944
weapon_ttt_glock	817.785583 -935.388000 82.791428	2.015 31.922 86.437
weapon_ttt_glock	920.738586 -947.989868 64.116684	1.604 0.685 -1.271
weapon_ttt_glock	932.069458 -935.854492 64.086494	1.769 -0.450 -0.086
weapon_ttt_glock	934.977234 -953.723206 64.088829	1.962 -2.567 -0.133
weapon_ttt_glock	998.314331 -869.755249 97.852104	3.820 2.273 -0.143
weapon_ttt_m16	1060.989990 -1627.800049 -412.182007	0.000 0.000 90.000
weapon_ttt_m16	1115.290039 -1627.569946 -412.182007	0.000 0.000 90.000
weapon_ttt_m16	2055.719238 -766.887329 104.900513	0.046 38.044 -87.737
weapon_ttt_m16	2061.353271 -781.042053 104.930084	0.083 15.395 -88.006
weapon_ttt_m16	2093.856201 -759.454041 104.900322	0.120 13.136 -87.648
weapon_ttt_m16	526.068970 -833.166992 -414.709015	0.500 270.000 90.000
weapon_ttt_m16	539.088989 -851.218994 -413.441986	-0.500 90.000 -90.000
weapon_ttt_m16	712.682983 -515.310974 200.682999	-0.500 90.000 -90.000
weapon_ttt_p90	1642.369507 -781.434204 94.539513	22.750 -7.430 -90.225
weapon_ttt_p90	1671.801636 -789.101501 89.308296	0.141 1.358 -87.583
weapon_ttt_p90	1698.347290 -779.647217 89.280609	0.636 1.680 -87.184
weapon_ttt_pump	1212.530884 -858.473572 65.395737	-0.166 -9.905 -88.373
weapon_ttt_pump	1382.781982 -748.111755 65.455856	-0.497 -9.550 -89.028
weapon_ttt_pump	1389.520874 -862.970276 65.422104	-0.571 -17.550 -88.855
weapon_ttt_pump	2048.937256 -292.772125 65.837631	-0.409 -9.749 -89.609
weapon_ttt_pump	2242.500244 -435.201691 65.848289	-0.471 -9.736 -89.488
weapon_ttt_pump	2243.728760 -396.956238 65.839882	-0.422 -9.746 -89.584
weapon_ttt_smokegrenade	1493.172974 -778.845947 66.429855	-65.058 -108.163 91.967
weapon_ttt_smokegrenade	1496.206177 -787.196411 65.785233	-47.756 45.932 -87.301
weapon_ttt_smokegrenade	1500.767456 -785.430542 65.698479	18.214 42.382 -91.371
weapon_ttt_smokegrenade	1505.589844 -787.208862 64.135086	-1.017 -1.284 -0.593
weapon_ttt_smokegrenade	1515.368774 -797.346191 64.186546	-0.469 -1.360 -0.273
weapon_ttt_smokegrenade	1515.687500 -789.539612 64.129196	-1.080 -1.264 -0.629
weapon_ttt_smokegrenade	1517.241333 -820.825745 64.133644	-1.033 -1.284 -0.602
weapon_ttt_smokegrenade	1524.005859 -803.786133 64.174759	-0.595 -1.348 -0.347
weapon_ttt_smokegrenade	1527.841309 -811.979492 64.137901	-0.987 -1.295 -0.575
weapon_ttt_smokegrenade	1819.556885 -414.244965 64.570930	-0.243 -15.188 -0.336
weapon_ttt_smokegrenade	1825.331543 -389.537720 64.506241	-1.620 -1.419 -1.649
weapon_ttt_smokegrenade	1825.815674 -417.005188 65.114151	-17.626 1.103 -16.619
weapon_ttt_smokegrenade	1827.085449 -400.606232 64.547356	-0.744 -1.561 -0.755
weapon_ttt_smokegrenade	1839.557861 -400.139160 64.503845	-1.669 -1.412 -1.702
weapon_ttt_smokegrenade	1841.967163 -424.388367 64.495255	-1.854 -1.283 -1.889
weapon_ttt_smokegrenade	1843.277466 -410.828430 64.519707	-1.333 -1.499 -1.356
weapon_ttt_smokegrenade	1847.439453 -392.106842 64.527596	-1.164 -1.521 -1.184
weapon_ttt_smokegrenade	2371.864990 -1129.235596 64.170479	-0.990 -0.433 -0.836
weapon_ttt_smokegrenade	2372.894775 -1145.795898 64.184547	-0.490 -1.359 -0.286
weapon_ttt_smokegrenade	2377.841309 -1139.326660 64.107399	-1.313 -1.213 -0.765
weapon_ttt_smokegrenade	2380.635498 -1122.381592 64.194870	-0.595 -1.828 -0.274
weapon_ttt_smokegrenade	2384.049072 -1135.164917 64.204224	-2.719 -1.600 0.601
weapon_ttt_smokegrenade	2384.352783 -1146.184082 64.114571	-1.236 -1.239 -0.720
weapon_ttt_smokegrenade	2385.032959 -1115.162231 65.487236	18.592 56.003 -89.034
weapon_ttt_smokegrenade	2386.872803 -1123.819824 64.787659	-18.925 -5.275 -18.628
weapon_zm_mac10	1058.280029 -343.019989 105.499001	0.000 0.000 90.000
weapon_zm_mac10	1629.359985 -327.464996 64.000000	0.000 0.000 0.000
weapon_zm_mac10	1935.847168 -779.383118 113.582245	-22.007 -9.803 -82.378
weapon_zm_mac10	1982.815186 -778.334961 104.531235	0.079 9.732 86.604
weapon_zm_mac10	1991.857666 -761.666504 104.511002	0.094 9.732 86.494
weapon_zm_mac10	2282.570068 -890.494019 68.471199	0.000 0.000 90.000
weapon_zm_mac10	2359.979980 -656.333984 93.147499	0.000 180.000 -90.500
weapon_zm_mac10	363.735992 -2379.040039 -448.000000	0.000 0.000 0.000
weapon_zm_molotov	-256.997742 -15.470561 64.148346	-0.876 -1.311 -0.510
weapon_zm_molotov	-259.892975 -23.600155 65.649750	0.920 -77.162 -89.995
weapon_zm_molotov	-263.023926 -30.177736 65.508041	17.201 42.845 -88.504
weapon_zm_molotov	-266.116547 -19.105675 64.130699	-1.064 -1.277 -0.620
weapon_zm_molotov	-266.145844 -9.598483 64.129196	-1.080 -1.264 -0.629
weapon_zm_molotov	-28.372999 -44.632702 68.734596	0.000 0.000 0.000
weapon_zm_molotov	-325.890533 -23.507473 64.124542	-1.130 -1.268 -0.658
weapon_zm_molotov	-332.270752 -31.058575 64.099785	-1.394 -1.219 -0.812
weapon_zm_molotov	-334.989685 -37.667980 64.176590	-2.630 -1.672 -0.669
weapon_zm_molotov	-337.706451 -18.569908 64.112816	-1.255 -1.216 -0.731
weapon_zm_molotov	-388.438141 -17.807495 64.172211	-0.622 -1.348 -0.362
weapon_zm_molotov	-391.803589 -35.556438 64.107399	-1.313 -1.213 -0.765
weapon_zm_molotov	-396.561890 -48.868816 64.129196	-1.080 -1.264 -0.629
weapon_zm_molotov	-404.889496 -37.857910 64.136505	-1.002 -1.285 -0.584
weapon_zm_molotov	-405.336639 -21.043125 64.173920	-0.604 -1.348 -0.352
weapon_zm_molotov	-520.832825 -844.959961 68.040260	15.655 1.065 0.556
weapon_zm_molotov	-528.104187 -862.291931 67.968628	15.487 0.173 0.567
weapon_zm_molotov	-537.070862 -127.245667 67.995583	14.902 0.161 0.539
weapon_zm_molotov	-544.813354 -105.930557 67.981277	15.214 0.171 0.554
weapon_zm_molotov	-547.595398 -129.074234 67.987190	13.434 0.076 0.428
weapon_zm_molotov	-548.018433 -855.964417 68.039581	15.885 0.379 0.565
weapon_zm_molotov	-550.216125 -874.027954 68.018318	14.401 0.145 0.515
weapon_zm_molotov	-556.747009 -107.386978 67.976288	15.322 0.166 0.559
weapon_zm_molotov	-558.755920 -135.827606 67.220619	-67.770 -165.672 -175.867
weapon_zm_molotov	1421.729980 -1928.989990 -409.566986	0.000 0.000 0.000
weapon_zm_molotov	1431.229980 -1928.189941 -409.566986	0.000 0.000 0.000
weapon_zm_molotov	196.554993 -1909.219971 -410.566986	0.000 0.000 0.000
weapon_zm_molotov	204.923004 -1902.229980 -410.566986	0.000 0.000 0.000
weapon_zm_molotov	208.356995 -368.544006 234.619003	0.000 0.000 0.000
weapon_zm_molotov	208.792999 -357.688995 234.619003	0.000 0.000 0.000
weapon_zm_molotov	660.286987 -2205.830078 -441.265015	0.000 0.000 0.000
weapon_zm_molotov	695.796082 -949.484253 67.929550	15.149 0.045 0.509
weapon_zm_molotov	704.343811 -930.517761 67.971283	11.043 2.784 1.159
weapon_zm_molotov	704.686401 -949.042725 67.964455	14.750 0.006 0.503
weapon_zm_molotov	711.427185 -930.973816 67.973625	10.631 0.892 1.122
weapon_zm_molotov	712.850281 -950.568604 67.968956	11.651 0.547 1.237
weapon_zm_molotov	728.325012 -467.640991 110.735001	0.000 0.000 0.000
weapon_zm_molotov	735.276978 -468.385986 110.735001	0.000 0.000 0.000
weapon_zm_molotov	743.638000 -468.367004 110.735001	0.000 0.000 0.000
weapon_zm_molotov	868.075989 -2077.149902 -374.820007	0.000 0.000 0.000
weapon_zm_molotov	869.185974 -2104.719971 -374.820007	0.000 0.000 0.000
weapon_zm_molotov	87.637100 -41.018902 68.734596	0.000 0.000 0.000
weapon_zm_molotov	870.276978 -2091.340088 -374.820007	0.000 0.000 0.000
weapon_zm_pistol	1279.349976 -834.192993 65.723198	0.000 0.000 90.000
weapon_zm_pistol	1284.380005 -2008.349976 -413.635010	0.000 0.000 90.000
weapon_zm_pistol	147.102997 -864.375000 65.978500	0.000 0.000 90.000
weapon_zm_pistol	1904.229980 -757.202026 105.723000	0.000 75.000 90.000
weapon_zm_pistol	433.710999 -2101.610107 -412.931000	0.000 180.000 91.500
weapon_zm_pistol	759.193481 -747.702820 64.982689	0.119 -36.547 -89.906
weapon_zm_pistol	762.659729 -740.345642 64.976242	0.386 -36.584 -90.147
weapon_zm_pistol	769.636536 -730.529480 64.981560	0.166 -36.551 -89.948
weapon_zm_pistol	776.626831 -745.125793 64.977669	0.327 -36.571 -90.093
weapon_zm_pistol	783.264832 -734.442810 64.974892	0.442 -36.606 -90.197
weapon_zm_pistol	979.577026 -762.940002 99.516296	0.000 0.000 -87.000
weapon_zm_revolver	1880.537842 -890.465271 64.819656	3.483 -16.454 -83.239
weapon_zm_revolver	1938.278198 -737.445618 104.970459	1.865 -20.628 -86.030
weapon_zm_revolver	2173.318359 -891.803406 64.885841	2.953 -16.608 -84.153
weapon_zm_revolver	2497.607910 -220.979965 64.885841	2.953 -16.608 -84.153
weapon_zm_revolver	2654.489990 -430.661987 97.785400	0.000 216.500 88.500
weapon_zm_revolver	27.588301 -45.734200 65.997902	0.000 0.000 0.000
weapon_zm_revolver	2867.803467 -225.607513 64.841431	2.541 -40.965 -84.808
weapon_zm_revolver	3173.939941 -712.898010 107.998001	0.000 90.000 90.000
weapon_zm_revolver	3174.409912 -671.142029 107.998001	0.000 90.000 90.000
weapon_zm_revolver	549.244995 -633.757019 -412.738007	0.000 244.000 88.500
weapon_zm_revolver	678.474976 -478.109985 106.502998	0.000 154.000 88.500
weapon_zm_revolver	707.442017 -2204.540039 -444.002014	0.000 0.000 90.000
weapon_zm_rifle	1320.900024 -2007.790039 -413.399994	0.000 0.000 90.000
weapon_zm_rifle	1990.371216 -717.237671 109.567627	-3.210 5.279 110.241
weapon_zm_rifle	2030.506592 -728.581543 105.229553	0.884 -8.294 -85.060
weapon_zm_rifle	2417.715820 -727.990479 63.319340	3.817 12.700 67.014
weapon_zm_rifle	2427.044922 -718.616455 63.754795	4.303 14.991 70.546
weapon_zm_rifle	2435.654541 -735.492310 63.250595	4.243 12.097 66.587
weapon_zm_rifle	577.083984 -854.653015 65.000000	0.000 0.000 0.000
weapon_zm_shotgun	-155.479004 -2085.530029 -464.355988	0.000 180.000 90.000
weapon_zm_shotgun	-30.050100 -1699.050049 -409.858002	0.000 180.000 90.000
weapon_zm_shotgun	1899.079956 -773.580994 106.488998	0.000 115.000 90.000
weapon_zm_shotgun	2440.743896 -1018.212769 97.688858	-0.353 -8.783 -84.166
weapon_zm_shotgun	2442.904541 -990.229187 97.616257	-0.206 -8.769 -83.491
weapon_zm_shotgun	2446.963379 -1007.648193 98.423737	-0.992 -9.800 -91.239
weapon_zm_shotgun	2542.739990 -1096.390015 99.359398	0.000 0.000 90.000
weapon_zm_shotgun	2674.159912 -1099.410034 99.359398	0.000 0.000 90.000
weapon_zm_shotgun	2781.679932 -276.459991 65.769501	0.000 0.000 90.000
weapon_zm_shotgun	725.885986 -832.919006 66.488602	0.000 0.000 90.000
weapon_zm_shotgun	755.460999 -203.526993 64.000000	0.000 0.000 0.000
weapon_zm_shotgun	850.655029 -1683.969971 -442.742004	0.000 180.000 90.000
weapon_zm_sledge	-328.221008 -228.945007 68.857803	0.000 0.000 0.000
weapon_zm_sledge	-347.399994 -695.525024 68.857803	0.000 0.000 0.000
weapon_zm_sledge	1100.920044 -2182.939941 -443.197998	0.000 0.000 0.000
