# Exported by: [CM:M] Dangerous Dan McGrew
# For map: ttt_67thway_v3
# Trouble in Terrorist Town weapon/ammo placement overrides
item_ammo_357_ttt	-1031.880005 207.647003 233.276001	0.000 0.000 0.000
item_ammo_357_ttt	-1034.560059 219.981003 233.276001	0.000 0.000 0.000
item_ammo_357_ttt	-1099.130005 1309.079956 93.275803	0.000 0.000 0.000
item_ammo_357_ttt	-1102.530029 1328.900024 93.275803	0.000 0.000 0.000
item_ammo_357_ttt	-1119.180054 1306.640015 93.275803	0.000 0.000 0.000
item_ammo_357_ttt	-1120.000000 1327.160034 93.275803	0.000 0.000 0.000
item_ammo_357_ttt	-2890.659912 5948.129883 420.276001	0.000 0.000 0.000
item_ammo_357_ttt	1008.000000 1072.000000 241.276001	0.000 0.000 0.000
item_ammo_357_ttt	1024.000000 1072.000000 241.276001	0.000 0.000 0.000
item_ammo_357_ttt	1028.979980 309.919006 130.276001	0.000 0.000 0.000
item_ammo_357_ttt	1045.280029 303.721008 130.276001	0.000 0.000 0.000
item_ammo_357_ttt	1220.430054 308.882996 130.276001	0.000 0.000 0.000
item_ammo_357_ttt	1239.609985 307.816010 130.276001	0.000 0.000 0.000
item_ammo_357_ttt	667.452881 1391.098999 240.462479	0.657 0.652 -0.016
item_ammo_357_ttt	667.528564 1391.304077 248.951324	-2.070 -0.370 0.022
item_ammo_357_ttt	675.252197 -25.684124 256.474365	1.682 -0.084 -0.800
item_ammo_357_ttt	675.263123 -43.795551 256.474518	1.728 0.094 -0.831
item_ammo_357_ttt	677.101379 -10.404089 256.369751	-0.970 2.438 0.035
item_ammo_357_ttt	688.710876 1390.553833 243.345566	-89.097 -1.346 0.000
item_ammo_pistol_ttt	-1152.546997 100.853943 127.579643	-0.378 -3.741 -0.204
item_ammo_pistol_ttt	-1152.610962 126.074211 127.427788	0.815 -0.122 0.166
item_ammo_pistol_ttt	-1152.703491 99.222099 116.058296	0.114 0.462 -0.074
item_ammo_pistol_ttt	-1153.550659 125.448799 115.966270	0.193 0.243 0.180
item_ammo_pistol_ttt	-1153.608276 98.865509 104.497627	0.007 0.009 0.004
item_ammo_pistol_ttt	-1154.918823 124.568512 104.469612	0.613 0.099 0.056
item_ammo_pistol_ttt	-379.483429 2494.583984 80.412270	-0.267 0.487 -0.427
item_ammo_pistol_ttt	-388.031921 2494.348389 80.457047	0.667 0.472 0.064
item_ammo_pistol_ttt	-399.872894 2494.750244 80.453987	-0.355 0.474 -0.406
item_ammo_pistol_ttt	-597.981140 4139.808105 52.111595	13.180 -5.680 -21.301
item_ammo_pistol_ttt	-599.862000 -259.011993 105.279999	0.000 0.000 0.000
item_ammo_pistol_ttt	-612.815369 4146.846191 48.442966	0.672 1.065 0.581
item_ammo_pistol_ttt	-627.484314 4146.772949 48.449486	1.210 -0.046 -0.071
item_ammo_pistol_ttt	-846.142029 16.257601 141.279999	0.000 0.000 0.000
item_ammo_pistol_ttt	-846.142029 44.257599 117.279999	0.000 0.000 0.000
item_ammo_pistol_ttt	-846.142029 44.257599 141.279999	0.000 0.000 0.000
item_ammo_pistol_ttt	-853.190979 11.646600 117.279999	0.000 0.000 0.000
item_ammo_pistol_ttt	-860.515015 -613.000000 105.000000	0.000 0.000 0.000
item_ammo_pistol_ttt	-921.877991 1327.689941 93.280098	0.000 0.000 0.000
item_ammo_pistol_ttt	-928.107971 1300.020020 93.280098	0.000 0.000 0.000
item_ammo_pistol_ttt	-939.098999 1303.369995 93.280098	0.000 0.000 0.000
item_ammo_pistol_ttt	-939.809021 1330.349976 93.280098	0.000 0.000 0.000
item_ammo_pistol_ttt	-951.086975 1330.430054 93.280098	0.000 0.000 0.000
item_ammo_pistol_ttt	-957.994995 1307.640015 93.280098	0.000 0.000 0.000
item_ammo_pistol_ttt	-964.939026 1327.140015 93.280098	0.000 0.000 0.000
item_ammo_pistol_ttt	1475.489990 1423.819946 277.013000	0.000 0.000 0.000
item_ammo_pistol_ttt	1483.489990 1423.819946 277.013000	0.000 0.000 0.000
item_ammo_pistol_ttt	675.334839 36.185925 256.458557	0.943 0.001 0.241
item_ammo_pistol_ttt	675.627991 56.401917 265.213226	0.097 -28.254 -87.570
item_ammo_pistol_ttt	690.910767 69.515411 259.207794	89.864 17.856 11.431
item_ammo_pistol_ttt	825.877014 -582.706970 -446.720001	0.000 0.000 0.000
item_ammo_pistol_ttt	834.598999 -710.487000 -446.720001	0.000 0.000 0.000
item_ammo_pistol_ttt	837.270996 -582.656982 -446.720001	0.000 0.000 0.000
item_ammo_pistol_ttt	848.478027 -709.020020 -446.720001	0.000 0.000 0.000
item_ammo_pistol_ttt	854.518005 -582.671997 -446.720001	0.000 0.000 0.000
item_ammo_pistol_ttt	864.570007 -710.333008 -446.720001	0.000 0.000 0.000
item_ammo_pistol_ttt	905.000000 -489.000000 162.000000	0.000 0.000 0.000
item_ammo_pistol_ttt	914.000000 -490.000000 162.000000	0.000 0.000 0.000
item_ammo_revolver_ttt	-1046.089966 1328.430054 93.275803	0.000 0.000 0.000
item_ammo_revolver_ttt	-1047.060059 1307.280029 93.275803	0.000 0.000 0.000
item_ammo_revolver_ttt	-1057.770020 1328.040039 93.275803	0.000 0.000 0.000
item_ammo_revolver_ttt	-1063.760010 1308.239990 93.275803	0.000 0.000 0.000
item_ammo_revolver_ttt	-1074.729980 1308.380005 93.275803	0.000 0.000 0.000
item_ammo_revolver_ttt	-1076.849976 1327.619995 93.275803	0.000 0.000 0.000
item_ammo_revolver_ttt	-1131.000000 -314.000000 -442.000000	0.000 0.000 0.000
item_ammo_revolver_ttt	-1140.000000 -314.000000 -442.000000	0.000 0.000 0.000
item_ammo_revolver_ttt	-1158.901367 191.348526 104.443047	0.374 -1.621 -0.017
item_ammo_smg1_ttt	-1061.000000 -286.000000 145.000000	0.000 0.000 0.000
item_ammo_smg1_ttt	-1153.725952 211.700500 104.515755	-0.666 0.097 -0.118
item_ammo_smg1_ttt	-1286.018555 21.102531 77.649109	-0.022 -12.086 87.531
item_ammo_smg1_ttt	-1286.036255 41.922272 68.586349	-0.698 0.000 0.307
item_ammo_smg1_ttt	-1294.962769 -4.517800 70.386086	3.334 4.213 -10.340
item_ammo_smg1_ttt	-2258.186035 5125.664063 48.559803	-1.101 0.352 -0.007
item_ammo_smg1_ttt	-2284.672607 5124.065430 48.563278	-0.000 18.785 -0.000
item_ammo_smg1_ttt	-2301.269287 5126.104980 48.555779	-0.264 -0.031 0.845
item_ammo_smg1_ttt	-2784.580078 6227.899902 65.344704	0.000 0.000 0.000
item_ammo_smg1_ttt	-2813.560059 6225.600098 65.344704	0.000 0.000 0.000
item_ammo_smg1_ttt	-907.918030 1221.760010 93.344704	0.000 0.000 0.000
item_ammo_smg1_ttt	-910.419006 1253.050049 93.344704	0.000 0.000 0.000
item_ammo_smg1_ttt	-924.758972 1254.640015 93.344704	0.000 0.000 0.000
item_ammo_smg1_ttt	-924.968994 1231.949951 93.344704	0.000 0.000 0.000
item_ammo_smg1_ttt	-940.971008 1249.969971 93.344704	0.000 0.000 0.000
item_ammo_smg1_ttt	-943.802979 1223.449951 93.344704	0.000 0.000 0.000
item_ammo_smg1_ttt	1001.000000 202.000000 -165.000000	0.000 0.000 0.000
item_ammo_smg1_ttt	1008.000000 1360.000000 241.345001	0.000 0.000 0.000
item_ammo_smg1_ttt	1018.000000 202.000000 -165.000000	0.000 0.000 0.000
item_ammo_smg1_ttt	1040.000000 1344.000000 241.345001	0.000 271.500 0.000
item_ammo_smg1_ttt	447.221375 -811.708862 -441.986847	-88.499 -9.839 2.852
item_ammo_smg1_ttt	469.711517 -809.851196 -441.919769	-88.979 2.396 -0.053
item_ammo_smg1_ttt	484.446075 -813.650635 -447.485474	-0.274 -0.445 0.196
item_box_buckshot_ttt	-789.703003 164.832993 233.294006	0.000 0.000 0.000
item_box_buckshot_ttt	-805.132996 164.878006 233.294006	0.000 0.000 0.000
item_box_buckshot_ttt	-912.965027 95.111504 105.293999	0.000 180.000 0.000
item_box_buckshot_ttt	-913.380005 120.977997 105.293999	0.000 180.000 0.000
item_box_buckshot_ttt	-917.203003 76.512398 105.293999	0.000 180.000 0.000
item_box_buckshot_ttt	-924.591003 -318.307007 -446.705994	0.000 0.000 0.000
item_box_buckshot_ttt	-927.565979 -337.681000 -446.705994	0.000 0.000 0.000
item_box_buckshot_ttt	601.262024 -735.721985 75.488701	0.000 0.000 -0.500
item_box_buckshot_ttt	619.000000 -735.000000 75.488701	0.000 0.000 -0.500
item_box_buckshot_ttt	763.000000 -489.000000 162.000000	0.000 0.000 0.000
item_box_buckshot_ttt	766.000000 -472.000000 162.000000	0.000 0.000 0.000
setting:	replacespawns 1
ttt_playerspawn	-1149.914795 3123.274170 80.528931	-0.069 -0.000 0.069
ttt_playerspawn	-1262.108032 4034.937988 48.546844	-0.204 0.012 -0.034
ttt_playerspawn	-1287.364624 3948.499756 48.545460	-0.066 0.000 -0.066
ttt_playerspawn	-1290.714355 3880.883301 48.543293	0.071 -0.056 -0.191
ttt_playerspawn	-1330.456299 1688.764526 216.516098	-0.082 -0.000 0.082
ttt_playerspawn	-1456.442139 1063.087280 68.537460	-0.059 0.019 -0.042
ttt_playerspawn	-1888.653931 241.153488 68.599800	-0.000 4.534 -0.000
ttt_playerspawn	-2250.074219 5958.398438 208.534073	-0.064 -0.000 0.064
ttt_playerspawn	-2328.385254 5900.986816 208.525635	-0.073 -0.000 0.073
ttt_playerspawn	-2346.861572 6005.718750 208.513535	-0.084 -0.000 0.084
ttt_playerspawn	-2348.912354 6133.198242 208.522186	-0.076 -0.000 0.076
ttt_playerspawn	-2428.903320 5892.781250 208.535065	-0.063 -0.000 0.063
ttt_playerspawn	-2432.583008 5951.369141 208.531021	-0.067 -0.000 0.067
ttt_playerspawn	-2448.458008 6039.958008 208.549728	-0.049 -0.000 0.049
ttt_playerspawn	-2462.487061 6118.440918 208.529984	-0.068 -0.000 0.068
ttt_playerspawn	-2877.393066 5339.727051 48.547112	0.064 -0.000 -0.064
ttt_playerspawn	-2887.771240 5398.656738 48.574871	0.088 -0.116 -0.008
ttt_playerspawn	-2909.329346 4193.489258 48.540546	-0.143 -0.020 -0.046
ttt_playerspawn	-340.363708 442.543945 -447.425720	-0.085 -0.144 0.019
ttt_playerspawn	-343.614044 492.880432 -447.400208	-0.000 -0.254 -0.000
ttt_playerspawn	-424.509155 1863.347290 72.572861	-0.026 -0.000 0.026
ttt_playerspawn	-449.312225 286.482239 -447.457550	-0.056 -0.000 0.056
ttt_playerspawn	-471.885956 2211.231201 80.533089	-0.065 -0.000 0.065
ttt_playerspawn	-735.629089 39.962620 232.522858	-0.008 -0.000 0.008
ttt_playerspawn	-763.505005 3920.657471 48.533619	-0.246 0.080 -0.036
ttt_playerspawn	-776.419861 41.169056 -447.431549	-0.031 -0.000 0.031
ttt_playerspawn	138.286194 -188.743149 -429.541626	-0.133 3.072 90.000
ttt_playerspawn	1412.975830 -270.337494 256.529999	-0.068 -0.000 0.068
ttt_playerspawn	350.636932 1321.311768 72.512222	-0.086 -0.000 0.086
ttt_playerspawn	689.416077 -903.666077 -447.418182	-0.012 1.173 0.050
ttt_playerspawn	727.951965 -852.192688 -447.420715	-0.020 -0.000 0.020
ttt_playerspawn	777.313416 -623.011597 -447.477814	-0.076 -0.000 0.076
ttt_random_ammo	-1022.559998 1309.699951 93.000603	0.000 0.000 0.000
ttt_random_ammo	-1027.130005 1328.239990 93.000603	0.000 0.000 0.000
ttt_random_ammo	-1255.000000 1227.000000 108.375999	0.000 90.000 0.000
ttt_random_ammo	-1260.000000 1236.000000 108.375999	0.000 90.000 0.000
ttt_random_ammo	-1266.000000 1223.000000 108.375999	0.000 90.000 0.000
ttt_random_ammo	-1268.000000 1248.000000 108.375999	0.000 47.000 0.000
ttt_random_ammo	-1275.000000 1227.000000 108.375999	0.000 90.000 0.000
ttt_random_ammo	-1280.000000 1246.000000 108.375999	0.000 90.000 0.000
ttt_random_ammo	-131.315994 -909.551025 -446.998993	0.000 0.000 0.000
ttt_random_ammo	-1430.709961 5312.000000 101.315002	0.000 0.000 0.000
ttt_random_ammo	-1430.709961 5312.000000 138.315002	0.000 0.000 0.000
ttt_random_ammo	-1430.709961 5312.000000 76.315201	0.000 0.000 0.000
ttt_random_ammo	-1430.709961 5327.799805 103.342003	0.000 0.000 0.000
ttt_random_ammo	-1430.709961 5327.799805 140.341995	0.000 0.000 0.000
ttt_random_ammo	-1430.709961 5327.799805 78.341904	0.000 0.000 0.000
ttt_random_ammo	-1430.709961 5347.740234 104.000000	0.000 0.000 0.000
ttt_random_ammo	-1430.709961 5347.740234 141.000000	0.000 0.000 0.000
ttt_random_ammo	-1430.709961 5347.740234 79.000000	0.000 0.000 0.000
ttt_random_ammo	-154.951004 -811.752014 -446.998993	0.000 0.000 0.000
ttt_random_ammo	-1544.729980 1782.489990 129.001007	0.000 0.000 0.000
ttt_random_ammo	-1545.680054 1867.219971 129.001007	0.000 0.000 0.000
ttt_random_ammo	-1546.400024 1698.930054 129.001007	0.000 0.000 0.000
ttt_random_ammo	-1749.709961 5744.259766 101.315002	0.000 0.000 0.000
ttt_random_ammo	-1749.709961 5744.259766 138.315002	0.000 0.000 0.000
ttt_random_ammo	-1749.709961 5744.259766 76.315201	0.000 0.000 0.000
ttt_random_ammo	-1749.709961 5760.069824 103.342003	0.000 0.000 0.000
ttt_random_ammo	-1749.709961 5760.069824 140.341995	0.000 0.000 0.000
ttt_random_ammo	-1749.709961 5760.069824 78.341904	0.000 0.000 0.000
ttt_random_ammo	-1749.709961 5780.000000 104.000000	0.000 0.000 0.000
ttt_random_ammo	-1749.709961 5780.000000 141.000000	0.000 0.000 0.000
ttt_random_ammo	-1749.709961 5780.000000 79.000000	0.000 0.000 0.000
ttt_random_ammo	-1749.709961 5877.259766 101.315002	0.000 0.000 0.000
ttt_random_ammo	-1749.709961 5877.259766 138.315002	0.000 0.000 0.000
ttt_random_ammo	-1749.709961 5877.259766 76.315201	0.000 0.000 0.000
ttt_random_ammo	-1749.709961 5893.069824 103.342003	0.000 0.000 0.000
ttt_random_ammo	-1749.709961 5893.069824 140.341995	0.000 0.000 0.000
ttt_random_ammo	-1749.709961 5893.069824 78.341904	0.000 0.000 0.000
ttt_random_ammo	-1749.709961 5913.000000 104.000000	0.000 0.000 0.000
ttt_random_ammo	-1749.709961 5913.000000 141.000000	0.000 0.000 0.000
ttt_random_ammo	-1749.709961 5913.000000 79.000000	0.000 0.000 0.000
ttt_random_ammo	-1750.000000 5813.000000 101.315002	0.000 0.000 0.000
ttt_random_ammo	-1750.000000 5813.000000 138.315002	0.000 0.000 0.000
ttt_random_ammo	-1750.000000 5813.000000 76.315201	0.000 0.000 0.000
ttt_random_ammo	-1750.000000 5828.799805 103.342003	0.000 0.000 0.000
ttt_random_ammo	-1750.000000 5828.799805 140.341995	0.000 0.000 0.000
ttt_random_ammo	-1750.000000 5828.799805 78.341904	0.000 0.000 0.000
ttt_random_ammo	-1750.000000 5848.740234 104.000000	0.000 0.000 0.000
ttt_random_ammo	-1750.000000 5848.740234 141.000000	0.000 0.000 0.000
ttt_random_ammo	-1750.000000 5848.740234 79.000000	0.000 0.000 0.000
ttt_random_ammo	-1763.000000 1290.000000 108.375999	0.000 317.000 0.000
ttt_random_ammo	-1765.000000 1302.000000 108.375999	0.000 0.000 0.000
ttt_random_ammo	-1775.000000 1282.000000 108.375999	0.000 0.000 0.000
ttt_random_ammo	-1784.000000 1277.000000 108.375999	0.000 0.000 0.000
ttt_random_ammo	-1784.000000 1297.000000 108.375999	0.000 0.000 0.000
ttt_random_ammo	-1788.000000 1288.000000 108.375999	0.000 0.000 0.000
ttt_random_ammo	-212.699005 -809.979980 -446.998993	0.000 0.000 0.000
ttt_random_ammo	-2681.000000 6031.000000 98.243599	0.000 0.000 0.000
ttt_random_ammo	-2681.000000 6043.000000 98.243599	0.000 0.000 0.000
ttt_random_ammo	-2702.909912 6031.000000 98.104797	0.000 0.000 0.000
ttt_random_ammo	-2702.909912 6043.000000 98.104797	0.000 0.000 0.000
ttt_random_ammo	-354.571014 2474.020020 81.000603	0.000 0.000 0.000
ttt_random_ammo	-355.479004 2440.989990 81.000603	0.000 0.000 0.000
ttt_random_ammo	-362.290009 2518.679932 81.000603	0.000 0.000 0.000
ttt_random_ammo	-41.921902 -909.828979 -446.998993	0.000 0.000 0.000
ttt_random_ammo	-417.299988 2465.969971 81.000603	0.000 0.000 0.000
ttt_random_ammo	-418.954010 2434.590088 81.000603	0.000 0.000 0.000
ttt_random_ammo	-419.045990 2505.479980 81.000603	0.000 0.000 0.000
ttt_random_ammo	-892.723022 -876.443970 -42.999401	0.000 0.000 0.000
ttt_random_ammo	-898.669983 -912.820984 -42.999401	0.000 0.000 0.000
ttt_random_ammo	-917.481995 -876.000000 -42.999401	0.000 0.000 0.000
ttt_random_ammo	-923.596985 -914.556030 -42.999401	0.000 0.000 0.000
ttt_random_ammo	-932.000000 5751.000000 101.315002	0.000 0.000 0.000
ttt_random_ammo	-932.000000 5751.000000 138.315002	0.000 0.000 0.000
ttt_random_ammo	-932.000000 5751.000000 76.315201	0.000 0.000 0.000
ttt_random_ammo	-932.000000 5766.799805 103.342003	0.000 0.000 0.000
ttt_random_ammo	-932.000000 5766.799805 140.341995	0.000 0.000 0.000
ttt_random_ammo	-932.000000 5766.799805 78.341904	0.000 0.000 0.000
ttt_random_ammo	-932.000000 5786.740234 104.000000	0.000 0.000 0.000
ttt_random_ammo	-932.000000 5786.740234 141.000000	0.000 0.000 0.000
ttt_random_ammo	-932.000000 5786.740234 79.000000	0.000 0.000 0.000
ttt_random_ammo	-932.000000 5884.000000 101.315002	0.000 0.000 0.000
ttt_random_ammo	-932.000000 5884.000000 138.315002	0.000 0.000 0.000
ttt_random_ammo	-932.000000 5884.000000 76.315201	0.000 0.000 0.000
ttt_random_ammo	-932.000000 5899.799805 103.342003	0.000 0.000 0.000
ttt_random_ammo	-932.000000 5899.799805 140.341995	0.000 0.000 0.000
ttt_random_ammo	-932.000000 5899.799805 78.341904	0.000 0.000 0.000
ttt_random_ammo	-932.000000 5919.740234 104.000000	0.000 0.000 0.000
ttt_random_ammo	-932.000000 5919.740234 141.000000	0.000 0.000 0.000
ttt_random_ammo	-932.000000 5919.740234 79.000000	0.000 0.000 0.000
ttt_random_ammo	-932.288025 5819.740234 101.315002	0.000 0.000 0.000
ttt_random_ammo	-932.288025 5819.740234 138.315002	0.000 0.000 0.000
ttt_random_ammo	-932.288025 5819.740234 76.315201	0.000 0.000 0.000
ttt_random_ammo	-932.288025 5835.540039 103.342003	0.000 0.000 0.000
ttt_random_ammo	-932.288025 5835.540039 140.341995	0.000 0.000 0.000
ttt_random_ammo	-932.288025 5835.540039 78.341904	0.000 0.000 0.000
ttt_random_ammo	-932.288025 5855.470215 104.000000	0.000 0.000 0.000
ttt_random_ammo	-932.288025 5855.470215 141.000000	0.000 0.000 0.000
ttt_random_ammo	-932.288025 5855.470215 79.000000	0.000 0.000 0.000
ttt_random_ammo	-944.138000 -877.906006 -42.999401	0.000 0.000 0.000
ttt_random_ammo	-946.557983 -916.554993 -42.999401	0.000 0.000 0.000
ttt_random_ammo	-968.913025 -879.440979 -42.999401	0.000 0.000 0.000
ttt_random_ammo	-989.741028 1313.310059 93.000603	0.000 0.000 0.000
ttt_random_ammo	-991.768982 1331.520020 93.000603	0.000 0.000 0.000
ttt_random_ammo	121.830002 -912.375977 -446.998993	0.000 0.000 0.000
ttt_random_ammo	202.401001 -918.367004 -446.998993	0.000 0.000 0.000
ttt_random_ammo	212.903000 -815.802979 -446.998993	0.000 0.000 0.000
ttt_random_ammo	343.972992 -917.525024 -446.998993	0.000 0.000 0.000
ttt_random_ammo	386.322998 -814.890015 -446.998993	0.000 0.000 0.000
ttt_random_ammo	437.020996 -916.335999 -446.998993	0.000 0.000 0.000
ttt_random_ammo	484.114990 -816.216980 -446.998993	0.000 0.000 0.000
ttt_random_weapon	-1006.349976 5912.069824 74.372902	0.000 0.000 0.000
ttt_random_weapon	-1216.810059 5223.000000 58.372898	0.000 0.000 0.000
ttt_random_weapon	-1692.459961 5760.060059 74.372902	0.000 0.000 0.000
ttt_random_weapon	-1692.869995 5826.359863 74.372902	0.000 0.000 0.000
ttt_random_weapon	-1701.229980 5882.240234 74.372902	0.000 0.000 0.000
ttt_random_weapon	-1836.069946 5216.330078 58.372898	0.000 0.000 0.000
ttt_random_weapon	-1846.880005 5184.459961 58.372898	0.000 0.000 0.000
ttt_random_weapon	-2223.379883 6214.379883 218.373001	0.000 0.000 0.000
ttt_random_weapon	-2225.500000 6123.410156 218.373001	0.000 0.000 0.000
ttt_random_weapon	-2229.830078 6026.379883 218.373001	0.000 0.000 0.000
ttt_random_weapon	-2233.379883 5734.160156 58.372898	0.000 0.000 0.000
ttt_random_weapon	-2440.850098 5729.819824 58.372898	0.000 0.000 0.000
ttt_random_weapon	-384.165985 2473.949951 90.372902	0.000 0.000 0.000
ttt_random_weapon	-388.950012 2430.820068 90.372902	0.000 0.000 0.000
ttt_random_weapon	-394.263000 2505.919922 90.372902	0.000 0.000 0.000
ttt_random_weapon	-888.000000 -904.000000 -33.627102	0.000 0.000 0.000
ttt_random_weapon	-904.000000 -896.000000 -33.627102	0.000 0.000 0.000
ttt_random_weapon	-936.000000 -888.000000 -33.627102	0.000 0.000 0.000
ttt_random_weapon	-944.000000 -904.000000 -33.627102	0.000 0.000 0.000
ttt_random_weapon	-990.560974 5798.390137 74.372902	0.000 0.000 0.000
ttt_random_weapon	-991.924988 5755.830078 74.372902	0.000 0.000 0.000
ttt_random_weapon	-999.372986 5861.589844 74.372902	0.000 0.000 0.000
ttt_random_weapon	1315.640015 1110.859985 122.373001	0.000 89.000 0.000
ttt_random_weapon	936.739990 1345.250000 122.373001	0.000 0.000 0.000
ttt_random_weapon	943.059021 1280.290039 122.373001	0.000 0.000 0.000
weapon_ttt_confgrenade	-1167.430054 1545.150024 108.487000	0.000 0.000 0.000
weapon_ttt_confgrenade	-1179.670044 1547.229980 108.487000	0.000 0.000 0.000
weapon_ttt_confgrenade	-1197.209961 1546.250000 108.487000	0.000 0.000 0.000
weapon_ttt_confgrenade	-676.109009 1463.689941 92.487099	0.000 0.000 0.000
weapon_ttt_confgrenade	-678.211975 1603.209961 92.487099	0.000 0.000 0.000
weapon_ttt_confgrenade	-953.310974 5914.479980 68.487099	0.000 0.000 0.000
weapon_ttt_confgrenade	-955.835999 5852.580078 68.487099	0.000 0.000 0.000
weapon_ttt_confgrenade	-956.877991 5805.689941 68.487099	0.000 0.000 0.000
weapon_ttt_confgrenade	-959.369995 5890.390137 68.487099	0.000 0.000 0.000
weapon_ttt_galil	-1307.552002 -5.348888 69.248413	1.297 -13.758 85.562
weapon_ttt_galil	508.698242 -808.400818 -446.776764	1.415 -12.908 85.640
weapon_ttt_glock	-1077.569946 1208.000000 145.000000	0.000 0.000 89.500
weapon_ttt_glock	-1115.569946 1208.000000 145.000000	0.000 0.000 89.500
weapon_ttt_glock	-1213.646973 113.798813 122.591927	1.821 0.136 -0.085
weapon_ttt_glock	-1482.219971 1444.969971 146.932007	0.000 0.000 0.000
weapon_ttt_glock	-1497.500000 1444.630005 146.932007	0.000 0.000 0.000
weapon_ttt_glock	-1519.709961 1446.189941 146.932007	0.000 0.000 0.000
weapon_ttt_glock	-646.679993 2537.498535 80.074409	2.030 1.087 -0.825
weapon_ttt_glock	-789.000000 1229.000000 134.000000	6.523 299.711 -85.291
weapon_ttt_glock	-789.000000 1256.000000 134.000000	6.523 299.711 -85.291
weapon_ttt_glock	-789.000000 1283.000000 134.000000	6.523 299.711 -85.291
weapon_ttt_glock	-866.000000 -574.000000 125.000000	0.000 250.000 0.000
weapon_ttt_glock	-930.204468 121.642754 143.599472	2.463 0.179 0.001
weapon_ttt_glock	1460.000000 1420.000000 276.938995	0.000 0.000 0.000
weapon_ttt_glock	681.295837 15.791418 256.075928	2.019 1.141 -0.793
weapon_ttt_m16	-1080.118896 -124.848602 197.274582	0.512 18.976 -87.884
weapon_ttt_m16	-1211.751831 93.608849 123.710724	0.246 15.753 -87.561
weapon_ttt_m16	-1437.069946 1426.000000 126.000000	0.000 0.000 88.500
weapon_ttt_m16	-1486.069946 1426.000000 126.000000	0.000 0.000 88.500
weapon_ttt_m16	-2430.860107 4554.569824 62.413399	0.000 94.000 0.000
weapon_ttt_m16	-387.331665 2455.184082 81.280830	-3.359 -16.712 81.862
weapon_ttt_m16	-604.000000 -237.000000 105.682999	0.000 86.000 90.500
weapon_ttt_m16	-616.000000 120.000000 156.000000	0.000 284.000 -89.500
weapon_ttt_m16	-664.299744 4143.828613 49.095440	-0.098 -2.297 -87.669
weapon_ttt_m16	-783.901978 1821.319946 160.082993	-0.484 89.875 -75.499
weapon_ttt_m16	-783.901978 1862.319946 160.082993	-0.484 89.875 -75.499
weapon_ttt_m16	833.827026 -729.000000 -446.000000	0.000 0.000 90.500
weapon_ttt_m16	833.987976 -602.000000 -447.000000	0.000 0.000 90.500
weapon_ttt_m16	916.000000 -531.000000 164.000000	0.000 96.000 -97.500
weapon_ttt_pump	-928.408630 160.414536 105.194489	-0.662 12.136 88.526
weapon_ttt_smokegrenade	-1160.369995 1447.310059 149.735001	0.000 0.000 0.000
weapon_ttt_smokegrenade	-1174.469971 1447.119995 149.735001	0.000 0.000 0.000
weapon_ttt_smokegrenade	-1189.777832 109.955093 122.640312	-0.735 -1.556 -0.451
weapon_ttt_smokegrenade	-1191.949951 1445.790039 149.735001	0.000 0.000 0.000
weapon_ttt_smokegrenade	-1208.069946 1446.000000 149.735001	0.000 0.000 0.000
weapon_zm_mac10	-1022.380005 1210.000000 176.000000	0.000 0.000 88.500
weapon_zm_mac10	-1031.000000 -291.000000 145.000000	0.000 190.000 88.500
weapon_zm_mac10	-1071.380005 1210.000000 176.000000	0.000 0.000 88.500
weapon_zm_mac10	-1121.380005 1210.000000 176.000000	0.000 0.000 88.500
weapon_zm_mac10	-1171.000000 1444.000000 125.000000	0.000 0.000 -85.000
weapon_zm_mac10	-1189.359985 1446.000000 125.000000	0.000 0.000 -87.000
weapon_zm_mac10	-1211.397705 192.224777 123.180611	-0.140 15.960 85.523
weapon_zm_mac10	-1408.099976 6121.700195 229.470993	0.000 0.000 0.000
weapon_zm_mac10	-2269.520020 5822.669922 213.470993	0.000 0.000 0.000
weapon_zm_mac10	-2346.926758 5130.162598 53.340351	18.246 0.669 -38.626
weapon_zm_mac10	-2653.050049 6044.959961 69.471199	0.000 0.000 0.000
weapon_zm_mac10	-2804.000000 6240.000000 67.000000	0.000 0.000 -90.500
weapon_zm_mac10	-794.000000 1805.000000 131.613007	0.000 0.000 -92.500
weapon_zm_mac10	-794.000000 1859.000000 131.613007	0.000 0.000 -92.500
weapon_zm_mac10	1008.000000 1344.000000 245.470993	0.000 0.000 0.000
weapon_zm_mac10	991.000000 226.000000 -164.000000	0.000 0.000 91.000
weapon_zm_molotov	-1194.946411 199.431778 124.055359	54.188 -84.244 -90.126
weapon_zm_molotov	-1248.380005 1446.010010 149.735001	0.000 0.000 0.000
weapon_zm_molotov	-1259.829956 1445.859985 149.735001	0.000 0.000 0.000
weapon_zm_molotov	-1270.729980 1448.469971 149.735001	0.000 0.000 0.000
weapon_zm_molotov	-1289.270020 1446.260010 149.735001	0.000 0.000 0.000
weapon_zm_molotov	-1723.969971 5812.229980 69.734596	0.000 0.000 0.000
weapon_zm_molotov	-1724.359985 5919.049805 69.734596	0.000 0.000 0.000
weapon_zm_molotov	-1729.040039 5748.580078 69.734596	0.000 0.000 0.000
weapon_zm_molotov	-1730.609985 5866.859863 69.734596	0.000 0.000 0.000
weapon_zm_molotov	-610.617004 -31.534401 109.735001	0.000 0.000 0.000
weapon_zm_molotov	-711.418030 -516.507019 109.735001	0.000 0.000 0.000
weapon_zm_molotov	-714.374023 -423.308990 109.735001	0.000 0.000 0.000
weapon_zm_molotov	715.273987 1292.750000 245.735001	0.000 0.000 0.000
weapon_zm_molotov	903.456970 1289.079956 245.735001	0.000 0.000 0.000
weapon_zm_pistol	-1010.409973 1209.000000 145.000000	0.000 0.000 89.000
weapon_zm_pistol	-1036.290039 -307.898010 106.723000	0.000 0.000 0.000
weapon_zm_pistol	-1039.410034 1209.000000 145.000000	0.000 0.000 89.000
weapon_zm_pistol	-1408.000000 6129.000000 260.022003	0.000 0.000 0.000
weapon_zm_pistol	-1419.160034 6129.000000 262.000000	0.000 0.000 0.000
weapon_zm_pistol	-785.914001 1401.000000 155.000000	0.000 0.000 -90.500
weapon_zm_pistol	-785.914001 1461.000000 155.000000	0.000 0.000 -90.500
weapon_zm_pistol	-913.914978 47.153599 106.723000	0.000 0.000 0.000
weapon_zm_pistol	956.000000 -254.000000 144.000000	0.000 0.000 0.000
weapon_zm_revolver	-1004.000000 1332.000000 141.000000	0.000 317.000 90.000
weapon_zm_revolver	-1050.000000 -474.000000 -423.000000	-1.377 316.517 -89.951
weapon_zm_revolver	-1169.000000 1548.650024 144.410995	0.000 0.000 87.000
weapon_zm_revolver	-1191.000000 1548.770020 145.759003	0.000 0.000 87.000
weapon_zm_revolver	-1208.159668 209.036728 124.520187	1.876 -26.797 -89.605
weapon_zm_revolver	-1209.000000 1548.839966 146.000000	0.000 0.000 87.000
weapon_zm_revolver	-783.148987 1433.180054 156.876999	2.580 92.366 -47.447
weapon_zm_revolver	-992.000000 1320.000000 141.000000	0.000 61.000 90.000
weapon_zm_revolver	1008.869995 300.878998 131.998001	0.000 0.000 0.000
weapon_zm_revolver	1195.060059 300.674988 131.998001	0.000 0.000 0.000
weapon_zm_rifle	-1000.000000 1209.000000 198.000000	0.000 177.500 -94.500
weapon_zm_rifle	-1018.000000 212.000000 242.000000	-72.411 6.150 -117.980
weapon_zm_rifle	-1087.000000 1209.000000 198.000000	0.000 177.500 -94.500
weapon_zm_rifle	-1430.069946 1426.000000 146.000000	0.000 0.000 88.500
weapon_zm_rifle	-1486.069946 1426.000000 146.000000	0.000 0.000 88.500
weapon_zm_rifle	-2884.000000 5922.000000 423.000000	1.489 277.002 90.183
weapon_zm_rifle	-784.380005 1665.280029 110.142998	0.866 90.500 -59.996
weapon_zm_rifle	-784.380005 1665.280029 132.143005	0.866 90.500 -59.996
weapon_zm_rifle	-784.380005 1665.280029 157.143005	0.866 90.500 -59.996
weapon_zm_rifle	1008.000000 1056.000000 242.957993	0.000 0.000 0.000
weapon_zm_rifle	686.660095 1406.727173 243.086533	-0.116 -6.191 -84.670
weapon_zm_rifle	698.656677 -7.602890 259.111084	-0.210 -8.070 -85.215
weapon_zm_shotgun	-1126.260010 4207.720215 51.488701	0.000 0.000 0.000
weapon_zm_shotgun	-1203.880005 192.514008 107.488998	0.000 0.000 -82.500
weapon_zm_shotgun	-1204.640015 98.867599 107.488998	0.000 0.000 -88.500
weapon_zm_shotgun	-1304.380005 1428.000000 127.000000	0.000 0.000 87.500
weapon_zm_shotgun	-1358.380005 1428.339966 127.488998	0.000 0.000 88.500
weapon_zm_shotgun	-2290.909912 6190.080078 67.488602	0.000 0.000 0.000
weapon_zm_shotgun	-787.000000 1225.589966 154.000000	0.357 90.351 -45.499
weapon_zm_shotgun	-787.000000 1275.589966 154.000000	0.357 90.351 -45.499
weapon_zm_shotgun	-796.726990 177.106003 235.488998	0.000 0.000 0.000
weapon_zm_shotgun	-930.742981 -381.824005 -444.510986	0.000 93.500 0.000
weapon_zm_shotgun	1435.569946 250.419998 132.488998	0.000 91.500 0.000
weapon_zm_shotgun	601.262024 -742.721985 75.488701	0.000 0.000 86.500
weapon_zm_shotgun	960.000000 257.000000 132.488998	0.000 87.500 85.500
weapon_zm_sledge	-1136.439941 3119.370117 84.857803	0.000 0.000 0.000
weapon_zm_sledge	-659.000000 935.000000 116.858002	0.000 0.000 0.000
weapon_zm_sledge	-711.000000 960.000000 116.858002	0.000 276.500 0.000
weapon_zm_sledge	-784.018982 1429.189941 131.011993	0.000 90.000 0.000
weapon_zm_sledge	1009.000000 209.000000 -137.000000	0.000 270.000 0.000
weapon_zm_sledge	1472.000000 1476.000000 279.432007	0.000 269.500 0.000
weapon_zm_sledge	1648.750000 -429.000000 113.000000	0.000 0.000 0.000
weapon_zm_sledge	696.000000 -119.000000 133.858002	0.000 272.500 0.000
weapon_zm_sledge	703.700989 1079.849976 244.858002	0.000 0.000 0.000
