# Exported by: [CM] Badger
# For map: ttt_roy_the_ship
# Trouble in Terrorist Town weapon/ammo placement overrides
item_ammo_357_ttt	-2225.406250 321.093750 454.000000	0.923 0.132 -0.132
item_ammo_357_ttt	-2236.343750 320.531250 453.968750	1.011 0.088 -0.132
item_ammo_357_ttt	-2266.593750 -573.500000 220.437500	1.011 -0.264 -0.791
item_ammo_357_ttt	-2270.781250 -560.875000 220.312500	0.440 0.044 0.044
item_ammo_357_ttt	-2314.875000 -194.906250 712.125000	0.440 0.044 0.044
item_ammo_357_ttt	-2315.468750 -207.343750 712.125000	0.440 0.044 0.044
item_ammo_357_ttt	-2435.812500 2045.312500 526.312500	0.527 1.670 12.878
item_ammo_357_ttt	-2447.593750 2043.468750 525.437500	0.967 -0.440 -0.615
item_ammo_357_ttt	-2455.406250 2042.812500 525.437500	0.967 0.176 -0.527
item_ammo_357_ttt	-2679.343750 2139.968750 1026.781250	0.044 2.725 35.600
item_ammo_357_ttt	-2688.281250 2136.562500 1024.437500	0.791 0.791 -0.044
item_ammo_357_ttt	-2718.187500 1174.781250 220.343750	0.440 0.044 0.044
item_ammo_357_ttt	-2734.281250 1179.625000 220.312500	0.440 0.000 0.044
item_ammo_pistol_ttt	-2229.937500 227.812500 420.406250	-0.044 0.000 0.000
item_ammo_pistol_ttt	-2237.875000 221.000000 420.343750	-0.132 0.000 -0.044
item_ammo_pistol_ttt	-2241.000000 201.406250 420.406250	-0.176 0.220 -0.308
item_ammo_pistol_ttt	-2258.156250 -857.843750 348.406250	1.670 -0.308 -0.088
item_ammo_pistol_ttt	-2270.593750 -854.312500 348.437500	1.275 -0.747 -0.088
item_ammo_pistol_ttt	-2283.000000 -859.937500 348.343750	0.044 0.044 0.000
item_ammo_pistol_ttt	-2295.750000 2243.906250 356.375000	-0.088 0.000 -0.044
item_ammo_pistol_ttt	-2297.406250 2657.031250 704.312500	-0.132 0.000 -0.044
item_ammo_pistol_ttt	-2304.000000 2155.406250 1025.281250	0.132 1.319 -6.417
item_ammo_pistol_ttt	-2307.031250 2249.375000 356.375000	-0.352 0.088 -0.440
item_ammo_pistol_ttt	-2307.406250 2662.687500 704.375000	-0.088 0.000 -0.044
item_ammo_pistol_ttt	-2315.937500 2677.843750 704.375000	-0.088 0.000 -0.044
item_ammo_pistol_ttt	-2317.500000 2145.656250 1024.312500	-0.132 0.000 -0.044
item_ammo_pistol_ttt	-2321.156250 1608.437500 525.437500	0.571 0.000 0.088
item_ammo_pistol_ttt	-2327.218750 1621.843750 525.437500	1.143 -0.703 0.044
item_ammo_pistol_ttt	-2327.781250 -476.593750 368.375000	0.308 -0.088 0.220
item_ammo_pistol_ttt	-2336.750000 -480.281250 368.375000	0.000 0.088 0.000
item_ammo_pistol_ttt	-2340.781250 488.406250 453.468750	0.000 -0.044 0.044
item_ammo_pistol_ttt	-2349.312500 481.656250 453.406250	-0.044 0.000 0.000
item_ammo_pistol_ttt	-2356.156250 -329.343750 525.406250	-0.088 0.000 -0.044
item_ammo_pistol_ttt	-2359.843750 482.562500 453.531250	0.000 -0.044 0.044
item_ammo_pistol_ttt	-2364.343750 -321.937500 526.312500	-0.088 -0.044 -6.197
item_ammo_pistol_ttt	-2366.062500 -174.468750 220.312500	-0.132 0.000 -0.044
item_ammo_pistol_ttt	-2366.687500 2054.312500 525.406250	-0.308 0.352 -0.615
item_ammo_pistol_ttt	-2374.312500 -175.531250 220.343750	-0.132 0.000 -0.044
item_ammo_pistol_ttt	-2379.125000 2054.281250 525.437500	-0.527 0.308 -0.483
item_ammo_pistol_ttt	-2451.437500 -1110.593750 393.875000	-0.132 0.000 0.000
item_ammo_pistol_ttt	-2460.625000 -1111.093750 393.812500	-0.044 0.000 0.044
item_ammo_pistol_ttt	-2476.937500 280.250000 468.875000	-0.132 0.000 0.000
item_ammo_pistol_ttt	-2487.750000 2521.312500 704.437500	-0.483 0.132 -0.396
item_ammo_pistol_ttt	-2488.000000 278.437500 468.906250	0.000 0.044 -0.044
item_ammo_pistol_ttt	-2490.156250 1405.750000 256.656250	0.088 0.000 0.000
item_ammo_pistol_ttt	-2501.500000 2522.343750 704.437500	-0.044 0.000 0.000
item_ammo_pistol_ttt	-2501.531250 1406.062500 256.625000	0.088 0.000 -0.044
item_ammo_pistol_ttt	-2509.593750 1438.781250 258.125000	-0.483 0.132 -2.725
item_ammo_pistol_ttt	-2511.656250 -1050.312500 396.875000	0.308 -0.044 0.044
item_ammo_pistol_ttt	-2519.468750 1438.468750 257.906250	-2.022 0.132 -4.131
item_ammo_pistol_ttt	-2521.687500 -1051.875000 396.937500	0.352 0.000 0.132
item_ammo_pistol_ttt	-2597.406250 1126.437500 220.406250	0.088 -0.044 0.132
item_ammo_pistol_ttt	-2604.906250 478.500000 220.343750	-0.132 0.000 -0.044
item_ammo_pistol_ttt	-2611.750000 495.500000 220.312500	-0.132 0.000 -0.044
item_ammo_pistol_ttt	-2612.718750 1105.281250 220.437500	1.011 -0.132 0.132
item_ammo_pistol_ttt	-2618.250000 80.468750 535.312500	0.088 0.000 -0.044
item_ammo_pistol_ttt	-2624.875000 479.281250 220.437500	-0.352 0.176 -0.483
item_ammo_pistol_ttt	-2629.468750 -205.000000 274.968750	-0.044 0.000 -0.088
item_ammo_pistol_ttt	-2636.906250 789.781250 349.812500	0.132 0.000 -0.044
item_ammo_pistol_ttt	-2638.875000 -210.250000 275.000000	0.044 -0.044 -0.044
item_ammo_pistol_ttt	-2639.437500 100.218750 535.343750	0.088 0.000 0.000
item_ammo_pistol_ttt	-2646.281250 2087.781250 584.375000	-0.088 0.000 -0.044
item_ammo_pistol_ttt	-2646.875000 1507.281250 220.437500	-0.791 0.132 -0.615
item_ammo_pistol_ttt	-2647.156250 882.281250 784.593750	-0.044 -0.044 0.000
item_ammo_pistol_ttt	-2648.718750 911.000000 784.656250	-0.088 0.000 -0.044
item_ammo_pistol_ttt	-2650.625000 97.875000 535.281250	0.088 0.000 -0.044
item_ammo_pistol_ttt	-2652.062500 1609.093750 525.312500	-0.132 0.000 -0.044
item_ammo_pistol_ttt	-2652.187500 2502.343750 558.343750	-0.132 0.000 -0.044
item_ammo_pistol_ttt	-2652.937500 1481.156250 220.343750	-0.132 0.000 -0.044
item_ammo_pistol_ttt	-2655.125000 1155.531250 655.437500	-0.483 0.132 -0.483
item_ammo_pistol_ttt	-2655.937500 792.593750 349.906250	0.088 0.000 0.000
item_ammo_pistol_ttt	-2657.281250 889.625000 784.593750	-0.044 -0.044 0.000
item_ammo_pistol_ttt	-2657.968750 1420.656250 525.343750	-0.132 0.000 -0.044
item_ammo_pistol_ttt	-2658.531250 1507.250000 220.437500	2.022 0.176 0.264
item_ammo_pistol_ttt	-2660.812500 1174.218750 655.437500	-0.396 0.176 -0.483
item_ammo_pistol_ttt	-2662.250000 1608.500000 525.406250	-0.088 0.000 -0.044
item_ammo_pistol_ttt	-2665.343750 1484.343750 220.437500	0.703 -0.044 -0.044
item_ammo_pistol_ttt	-2666.468750 1420.218750 525.312500	-0.132 0.000 -0.044
item_ammo_pistol_ttt	-2667.187500 2502.343750 558.375000	-0.088 0.000 -0.044
item_ammo_pistol_ttt	-2668.375000 2106.718750 584.406250	-0.571 0.044 -0.659
item_ammo_pistol_ttt	-2670.593750 1163.781250 655.343750	-0.132 0.000 -0.044
item_ammo_pistol_ttt	-2671.781250 -979.375000 605.406250	-0.396 1.055 -0.440
item_ammo_pistol_ttt	-2672.281250 1609.031250 525.312500	-0.132 0.000 -0.044
item_ammo_pistol_ttt	-2672.843750 -997.625000 605.375000	-0.088 0.000 -0.044
item_ammo_pistol_ttt	-2673.718750 1484.343750 220.437500	0.527 -0.264 -0.044
item_ammo_pistol_ttt	-2682.906250 -963.062500 605.312500	-0.132 0.000 -0.044
item_ammo_pistol_ttt	-2682.937500 2232.968750 1024.343750	-0.132 0.000 -0.044
item_ammo_pistol_ttt	-2692.937500 2211.093750 1025.312500	-1.582 -0.659 5.801
item_ammo_pistol_ttt	-2694.625000 1903.625000 310.125000	0.220 0.000 -0.088
item_ammo_pistol_ttt	-2695.000000 2439.187500 824.343750	-0.132 0.000 -0.044
item_ammo_pistol_ttt	-2698.031250 2239.125000 1024.343750	-0.132 0.000 -0.044
item_ammo_pistol_ttt	-2699.968750 2340.875000 400.343750	-0.132 0.000 -0.044
item_ammo_pistol_ttt	-2706.593750 2422.500000 824.468750	-0.527 0.308 -0.264
item_ammo_pistol_ttt	-2707.218750 1888.281250 310.187500	0.132 0.000 -0.044
item_ammo_pistol_ttt	-2709.968750 2441.031250 824.312500	-0.132 0.000 -0.044
item_ammo_pistol_ttt	-2710.906250 518.906250 784.625000	0.088 0.000 -0.044
item_ammo_pistol_ttt	-2711.937500 496.718750 784.625000	0.088 0.000 -0.044
item_ammo_pistol_ttt	-2712.375000 2325.375000 400.343750	-0.132 0.000 -0.044
item_ammo_pistol_ttt	-2717.531250 1739.500000 244.937500	-0.352 -0.044 0.352
item_ammo_pistol_ttt	-2723.187500 500.906250 784.625000	0.132 0.000 -0.044
item_ammo_pistol_ttt	-2723.562500 1729.125000 245.031250	0.088 -0.044 0.000
item_ammo_pistol_ttt	-2729.718750 1740.562500 245.031250	0.000 -0.176 -0.088
item_ammo_pistol_ttt	-2748.375000 -657.500000 605.375000	-0.088 0.000 -0.044
item_ammo_pistol_ttt	-2765.406250 -659.468750 605.312500	-0.132 0.000 -0.044
item_ammo_revolver_ttt	-2258.843750 40.812500 467.718750	1.362 -0.264 -0.176
item_ammo_revolver_ttt	-2267.937500 34.812500 467.843750	0.703 -0.132 -0.220
item_ammo_revolver_ttt	-2286.812500 -970.375000 348.312500	0.440 0.000 0.044
item_ammo_revolver_ttt	-2288.937500 -976.843750 605.312500	0.440 0.044 0.044
item_ammo_revolver_ttt	-2293.843750 -956.312500 348.375000	0.440 0.044 0.044
item_ammo_revolver_ttt	-2303.531250 -976.781250 605.375000	0.440 0.044 0.044
item_ammo_revolver_ttt	-2356.406250 173.968750 535.281250	0.440 0.044 0.044
item_ammo_revolver_ttt	-2358.468750 189.812500 536.281250	19.075 2.725 0.044
item_ammo_revolver_ttt	-2411.375000 2156.968750 955.343750	0.703 -0.132 0.000
item_ammo_revolver_ttt	-2413.875000 2145.937500 955.437500	1.714 -0.703 -1.011
item_ammo_revolver_ttt	-2459.656250 1401.687500 256.593750	1.055 0.527 -0.044
item_ammo_revolver_ttt	-2466.687500 1406.062500 257.593750	-18.327 1.099 -0.132
item_ammo_revolver_ttt	-2508.468750 284.750000 221.250000	2.769 -0.220 10.548
item_ammo_revolver_ttt	-2512.406250 296.187500 221.906250	0.527 -2.373 -18.679
item_ammo_revolver_ttt	-2521.406250 294.500000 220.312500	0.440 0.000 0.044
item_ammo_revolver_ttt	-2557.062500 1805.250000 220.312500	0.440 0.044 0.044
item_ammo_revolver_ttt	-2572.750000 1816.406250 220.343750	0.440 0.044 0.044
item_ammo_revolver_ttt	-2609.000000 -85.562500 420.375000	0.440 0.044 0.044
item_ammo_revolver_ttt	-2623.718750 -75.187500 420.437500	1.626 -0.220 -0.527
item_ammo_revolver_ttt	-2624.875000 2885.718750 276.750000	0.132 0.176 0.000
item_ammo_revolver_ttt	-2635.218750 2893.031250 276.687500	0.132 0.132 0.000
item_ammo_revolver_ttt	-2664.968750 2686.281250 705.218750	16.525 1.494 -0.044
item_ammo_revolver_ttt	-2668.312500 201.375000 444.937500	0.571 0.044 0.088
item_ammo_revolver_ttt	-2669.187500 1108.562500 784.843750	0.440 0.044 0.044
item_ammo_revolver_ttt	-2675.437500 195.562500 444.968750	0.483 0.044 -0.044
item_ammo_revolver_ttt	-2675.781250 2677.437500 704.343750	0.440 0.044 0.044
item_ammo_revolver_ttt	-2681.531250 1107.468750 784.812500	0.440 0.044 0.044
item_ammo_smg1_ttt	-2224.093750 136.125000 420.468750	-0.308 0.000 -0.220
item_ammo_smg1_ttt	-2224.218750 136.593750 434.218750	-0.176 -0.044 -0.220
item_ammo_smg1_ttt	-2274.062500 381.343750 654.093750	0.308 0.000 0.176
item_ammo_smg1_ttt	-2278.218750 785.531250 784.687500	0.791 0.000 0.483
item_ammo_smg1_ttt	-2279.156250 819.875000 784.781250	-0.088 0.000 -0.044
item_ammo_smg1_ttt	-2282.781250 422.468750 654.187500	-0.264 0.000 -0.220
item_ammo_smg1_ttt	-2290.156250 1183.937500 654.875000	0.220 0.000 0.132
item_ammo_smg1_ttt	-2295.218750 821.312500 784.656250	0.176 0.000 0.088
item_ammo_smg1_ttt	-2298.875000 423.281250 654.218750	0.352 0.000 -0.264
item_ammo_smg1_ttt	-2306.500000 1190.281250 654.875000	0.264 0.000 0.132
item_ammo_smg1_ttt	-2308.437500 -481.000000 605.406250	0.000 0.000 0.044
item_ammo_smg1_ttt	-2325.218750 2133.312500 240.468750	-0.220 -0.264 -0.264
item_ammo_smg1_ttt	-2327.593750 -481.031250 605.531250	0.220 -0.527 0.264
item_ammo_smg1_ttt	-2330.968750 2163.062500 240.531250	-0.176 0.000 -0.132
item_ammo_smg1_ttt	-2493.906250 1504.718750 283.187500	0.220 0.352 2.857
item_ammo_smg1_ttt	-2511.937500 1503.968750 282.968750	-4.791 0.044 2.857
item_ammo_smg1_ttt	-2604.718750 1171.187500 532.375000	0.132 0.000 0.044
item_ammo_smg1_ttt	-2615.812500 2338.937500 1026.093750	-0.659 0.308 -4.131
item_ammo_smg1_ttt	-2617.843750 1170.500000 532.406250	0.483 0.000 0.308
item_ammo_smg1_ttt	-2631.218750 2338.843750 1025.593750	-3.077 0.044 -4.483
item_ammo_smg1_ttt	-2700.968750 351.906250 784.062500	-0.483 0.000 -0.396
item_ammo_smg1_ttt	-2711.593750 -120.906250 448.343750	0.000 0.000 0.000
item_ammo_smg1_ttt	-2719.843750 353.375000 784.000000	1.011 0.000 0.659
item_ammo_smg1_ttt	-2728.562500 -122.031250 449.718750	0.000 0.000 0.000
item_ammo_smg1_ttt	-2759.812500 2011.062500 706.062500	2.725 0.483 -9.142
item_ammo_smg1_ttt	-2771.781250 2011.093750 706.031250	-2.549 0.747 -8.702
item_box_buckshot_ttt	-2318.156250 1478.375000 525.406250	1.231 -0.044 -0.483
item_box_buckshot_ttt	-2328.718750 1480.468750 526.593750	0.264 0.791 17.317
item_box_buckshot_ttt	-2372.250000 1693.781250 525.343750	0.703 0.000 -0.571
item_box_buckshot_ttt	-2386.593750 1695.625000 525.375000	-0.923 0.000 0.835
item_box_buckshot_ttt	-2417.937500 -397.593750 525.312500	0.264 0.000 -0.220
item_box_buckshot_ttt	-2433.000000 -397.843750 525.468750	-0.308 0.000 0.264
item_box_buckshot_ttt	-2435.625000 2697.937500 277.843750	-0.352 -0.352 0.000
item_box_buckshot_ttt	-2447.875000 2696.968750 277.781250	-0.352 -0.352 0.000
item_box_buckshot_ttt	-2481.218750 1188.437500 260.781250	0.044 0.000 0.132
item_box_buckshot_ttt	-2484.718750 -781.656250 605.437500	1.143 0.000 -0.308
item_box_buckshot_ttt	-2488.562500 -800.625000 348.406250	-0.747 0.000 0.659
item_box_buckshot_ttt	-2490.343750 388.062500 878.437500	1.055 -0.044 -0.264
item_box_buckshot_ttt	-2491.031250 1187.250000 260.718750	-0.264 0.000 -0.220
item_box_buckshot_ttt	-2493.406250 -781.437500 605.406250	0.000 1.275 -0.659
item_box_buckshot_ttt	-2501.343750 388.093750 878.437500	1.714 -0.088 -0.396
item_box_buckshot_ttt	-2509.531250 -803.500000 348.406250	-0.659 0.000 0.615
item_box_buckshot_ttt	-2562.750000 2517.500000 704.406250	1.450 -0.044 -0.571
item_box_buckshot_ttt	-2579.281250 2517.406250 704.375000	0.835 0.000 -0.571
item_box_buckshot_ttt	-2628.531250 2679.718750 705.093750	0.132 0.308 9.933
item_box_buckshot_ttt	-2640.656250 2682.625000 704.375000	-0.044 0.000 0.132
setting:	replacespawns 1
ttt_playerspawn	-2283.875000 -822.718750 605.562500	0.000 -179.978 0.044
ttt_playerspawn	-2286.656250 2182.281250 831.906250	0.000 179.978 0.000
ttt_playerspawn	-2295.906250 2327.656250 558.531250	0.044 -0.044 0.088
ttt_playerspawn	-2320.031250 99.562500 220.531250	0.088 -179.934 0.000
ttt_playerspawn	-2331.187500 265.406250 420.500000	-0.088 0.000 0.088
ttt_playerspawn	-2374.656250 1959.250000 525.562500	-0.088 -89.923 0.000
ttt_playerspawn	-2444.687500 -594.468750 220.531250	0.044 90.099 -0.088
ttt_playerspawn	-2446.406250 2164.187500 1024.437500	0.000 -90.055 0.000
ttt_playerspawn	-2454.687500 1826.718750 220.593750	0.000 0.000 0.000
ttt_playerspawn	-2484.687500 1256.500000 525.500000	0.000 90.011 0.000
ttt_playerspawn	-2490.593750 253.750000 525.562500	-0.044 -89.923 -0.044
ttt_playerspawn	-2496.937500 2674.437500 704.531250	-0.044 90.011 0.044
ttt_playerspawn	-2500.250000 754.062500 784.812500	0.000 -89.879 -0.132
ttt_playerspawn	-2506.187500 2435.156250 816.531250	-0.044 0.000 0.044
ttt_playerspawn	-2510.812500 -1133.906250 605.562500	0.000 90.011 0.000
ttt_playerspawn	-2527.031250 893.187500 221.468750	0.000 45.005 0.000
ttt_playerspawn	-2584.062500 2162.968750 1026.031250	0.044 -86.847 0.044
ttt_playerspawn	-2637.656250 1986.156250 220.531250	-0.132 0.044 -0.044
ttt_playerspawn	-2651.906250 2242.937500 824.531250	-0.044 0.000 0.044
ttt_playerspawn	-2662.156250 -934.906250 348.531250	-0.044 0.000 0.044
ttt_playerspawn	-2662.875000 1780.468750 220.531250	0.044 -89.835 0.000
ttt_playerspawn	-2670.687500 1802.000000 525.531250	-0.044 0.000 0.044
ttt_playerspawn	-2675.906250 -130.812500 220.562500	0.000 0.000 0.000
ttt_playerspawn	-2689.406250 1109.062500 350.000000	0.000 -90.011 -0.044
ttt_playerspawn	-2692.875000 -818.687500 605.500000	-0.044 0.000 -0.044
ttt_playerspawn	-2711.062500 15.375000 420.593750	-0.176 0.088 -0.176
ttt_playerspawn	-2712.468750 1938.812500 416.562500	-0.044 90.011 -0.044
ttt_playerspawn	-2715.312500 1335.093750 220.656250	-0.044 0.000 0.044
ttt_playerspawn	-2724.625000 323.500000 420.531250	-0.044 0.000 0.044
ttt_playerspawn	-2725.281250 -247.062500 420.500000	-0.088 0.000 0.088
ttt_random_ammo	-2226.656250 1996.093750 704.343750	0.044 0.000 0.000
ttt_random_ammo	-2236.281250 499.906250 420.343750	0.088 0.000 0.044
ttt_random_ammo	-2240.312500 1993.156250 704.406250	1.450 0.044 1.758
ttt_random_ammo	-2248.750000 503.250000 420.375000	0.703 0.000 0.791
ttt_random_ammo	-2255.562500 2085.906250 220.375000	0.703 0.000 0.791
ttt_random_ammo	-2256.781250 2077.343750 220.312500	0.044 0.000 -0.044
ttt_random_ammo	-2260.750000 -705.812500 605.375000	1.275 0.000 1.494
ttt_random_ammo	-2263.125000 2085.250000 220.312500	0.044 0.000 -0.044
ttt_random_ammo	-2266.375000 2076.906250 220.343750	0.088 0.000 0.000
ttt_random_ammo	-2276.218750 -707.781250 605.343750	0.044 0.000 0.000
ttt_random_ammo	-2293.406250 -17.937500 473.468750	-0.088 0.308 -0.044
ttt_random_ammo	-2305.625000 -286.375000 781.406250	1.275 0.044 1.538
ttt_random_ammo	-2306.593750 2.125000 473.281250	0.703 0.044 -1.099
ttt_random_ammo	-2309.875000 -326.062500 525.375000	0.396 0.000 0.440
ttt_random_ammo	-2312.843750 -19.031250 473.406250	-0.440 -0.132 0.483
ttt_random_ammo	-2320.375000 -288.031250 781.375000	0.176 0.000 0.176
ttt_random_ammo	-2323.093750 -1.593750 473.343750	-1.143 0.132 -1.231
ttt_random_ammo	-2324.031250 -326.000000 525.312500	0.044 0.000 -0.044
ttt_random_ammo	-2378.125000 1055.437500 784.843750	0.044 0.000 0.000
ttt_random_ammo	-2406.437500 1064.187500 784.843750	0.044 0.000 0.000
ttt_random_ammo	-2529.656250 2041.437500 525.312500	0.044 0.000 -0.044
ttt_random_ammo	-2537.062500 2058.375000 525.406250	1.758 0.044 2.154
ttt_random_ammo	-2546.406250 2035.437500 527.593750	-0.352 -7.867 89.044
ttt_random_ammo	-2548.093750 1709.187500 220.343750	0.088 0.000 -0.044
ttt_random_ammo	-2553.343750 1703.343750 220.312500	0.044 0.000 0.000
ttt_random_ammo	-2553.656250 1693.687500 220.343750	0.088 0.000 -0.044
ttt_random_ammo	-2560.343750 1712.000000 220.375000	0.923 0.000 -1.099
ttt_random_ammo	-2562.937500 1698.312500 220.312500	0.044 0.000 0.000
ttt_random_ammo	-2567.937500 2034.156250 525.437500	0.967 0.000 1.143
ttt_random_ammo	-2568.312500 2055.625000 525.343750	0.044 0.000 0.000
ttt_random_ammo	-2627.250000 -762.500000 605.343750	0.044 0.000 0.000
ttt_random_ammo	-2639.625000 -761.937500 605.437500	1.055 -0.044 -1.275
ttt_random_ammo	-2667.187500 95.781250 783.937500	0.176 0.000 0.132
ttt_random_ammo	-2667.843750 1097.843750 532.375000	1.055 0.000 1.275
ttt_random_ammo	-2669.312500 1081.281250 532.343750	0.088 0.000 0.000
ttt_random_ammo	-2669.750000 2336.093750 1024.343750	0.088 0.000 0.044
ttt_random_ammo	-2675.000000 742.187500 784.593750	0.044 0.000 0.000
ttt_random_ammo	-2676.468750 1083.781250 532.343750	0.088 0.000 0.000
ttt_random_ammo	-2677.812500 2326.343750 1024.312500	0.044 0.000 -0.044
ttt_random_ammo	-2677.812500 96.812500 783.906250	0.044 0.000 -0.044
ttt_random_ammo	-2678.000000 124.125000 783.875000	0.044 0.000 -0.044
ttt_random_ammo	-2678.000000 768.062500 784.625000	0.088 0.000 0.044
ttt_random_ammo	-2678.781250 2336.437500 1024.312500	0.044 0.000 0.000
ttt_random_ammo	-2681.625000 1098.031250 532.375000	0.396 0.000 0.440
ttt_random_ammo	-2686.312500 2314.562500 1024.437500	0.923 0.000 1.143
ttt_random_ammo	-2687.968750 752.250000 784.625000	0.659 0.000 -0.747
ttt_random_ammo	-2688.000000 2338.281250 1024.375000	0.791 0.000 0.923
ttt_random_ammo	-2689.187500 2324.687500 1024.375000	0.703 0.000 0.835
ttt_random_ammo	-2693.656250 83.531250 783.906250	0.044 0.000 0.000
ttt_random_ammo	-2701.750000 106.250000 783.906250	0.044 0.000 0.000
ttt_random_ammo	-2717.125000 -484.500000 605.343750	0.088 0.000 0.000
ttt_random_ammo	-2722.156250 -492.093750 605.343750	0.044 0.000 0.000
ttt_random_ammo	-2732.843750 -478.156250 605.375000	1.275 0.000 1.494
ttt_random_ammo	-2732.906250 -487.437500 605.343750	0.044 0.000 0.000
ttt_random_weapon	-2238.156250 2008.125000 705.187500	1.714 4.922 -93.000
ttt_random_weapon	-2253.656250 481.781250 421.218750	1.670 4.922 -93.088
ttt_random_weapon	-2284.281250 -692.718750 606.187500	1.670 4.922 -93.044
ttt_random_weapon	-2319.906250 -304.468750 526.187500	1.934 4.703 -92.428
ttt_random_weapon	-2336.843750 -274.187500 782.218750	1.538 4.659 -93.351
ttt_random_weapon	-2389.687500 1085.281250 785.687500	1.758 4.703 -92.824
ttt_random_weapon	-2500.625000 -1195.093750 622.187500	1.670 4.703 -93.088
ttt_random_weapon	-2521.812500 2049.000000 526.218750	1.538 4.659 -93.351
ttt_random_weapon	-2564.468750 2041.343750 526.218750	1.494 6.065 -93.395
ttt_random_weapon	-2591.531250 1705.718750 221.187500	1.978 4.703 -92.384
ttt_random_weapon	-2592.125000 1688.093750 221.187500	1.934 4.703 -92.472
ttt_random_weapon	-2633.187500 -746.750000 606.187500	1.846 4.922 -92.648
ttt_random_weapon	-2644.093750 749.906250 785.468750	1.714 4.703 -93.000
ttt_random_weapon	-2652.906250 -177.375000 454.968750	1.099 -4.922 -95.812
ttt_random_weapon	-2750.468750 96.562500 455.125000	1.187 -18.591 -92.692
weapon_ttt_confgrenade	-2257.906250 -393.125000 527.125000	-36.435 -56.081 -91.066
weapon_ttt_confgrenade	-2259.968750 -399.500000 527.125000	-36.347 -56.169 -90.890
weapon_ttt_confgrenade	-2448.312500 -481.281250 607.125000	-36.479 -49.532 -91.110
weapon_ttt_confgrenade	-2454.843750 -479.187500 607.125000	-36.435 -49.532 -91.066
weapon_ttt_confgrenade	-2459.593750 -488.906250 607.187500	-37.446 -48.522 -92.692
weapon_ttt_confgrenade	-2464.687500 -478.593750 607.156250	-36.699 -49.269 -91.461
weapon_ttt_confgrenade	-2646.531250 2059.906250 528.125000	11.032 -61.970 -110.184
weapon_ttt_confgrenade	-2647.656250 2054.375000 527.281250	10.241 -53.971 -95.417
weapon_ttt_confgrenade	-2652.093750 2056.968750 527.218750	13.713 -42.632 -92.209
weapon_ttt_confgrenade	-2657.843750 2059.062500 526.906250	36.171 -44.126 -79.199
weapon_ttt_confgrenade	-2762.281250 -402.687500 527.093750	-36.171 -56.301 -90.670
weapon_ttt_confgrenade	-2765.531250 -390.437500 527.062500	14.284 -24.832 -89.264
weapon_ttt_confgrenade	-2768.406250 -398.468750 527.187500	14.548 -65.838 -91.417
weapon_ttt_confgrenade	-2773.125000 -396.843750 527.187500	-37.226 -55.378 -92.296
weapon_ttt_galil	-2284.062500 405.562500 654.500000	-1.582 19.119 87.154
weapon_ttt_galil	-2497.968750 1521.125000 284.750000	-1.450 -21.316 -93.000
weapon_ttt_galil	-2716.031250 330.437500 784.375000	-1.626 13.449 87.110
weapon_ttt_glock	-2227.937500 205.312500 419.968750	1.978 0.132 -0.044
weapon_ttt_glock	-2295.500000 2680.000000 705.062500	-0.396 27.513 90.494
weapon_ttt_glock	-2305.531250 2146.625000 1024.000000	2.857 -0.264 -0.483
weapon_ttt_glock	-2307.062500 1607.000000 526.093750	-0.747 25.623 91.461
weapon_ttt_glock	-2368.093750 -331.687500 525.031250	2.857 -0.659 -0.308
weapon_ttt_glock	-2378.250000 482.656250 454.125000	-0.176 25.447 90.319
weapon_ttt_glock	-2391.093750 -180.781250 221.093750	-0.176 25.667 91.154
weapon_ttt_glock	-2434.687500 -1074.906250 394.500000	-0.791 24.700 91.681
weapon_ttt_glock	-2488.937500 267.625000 469.593750	-0.352 24.876 90.494
weapon_ttt_glock	-2518.093750 1403.406250 256.250000	1.934 0.132 -0.044
weapon_ttt_glock	-2623.593750 -212.562500 275.687500	-0.308 19.734 90.582
weapon_ttt_glock	-2629.875000 1506.750000 220.062500	2.022 0.571 -0.879
weapon_ttt_glock	-2634.500000 493.031250 221.093750	-0.527 25.623 91.022
weapon_ttt_glock	-2656.218750 770.687500 349.468750	1.934 0.176 -0.220
weapon_ttt_glock	-2671.687500 1404.218750 526.093750	-0.132 25.623 91.198
weapon_ttt_glock	-2674.531250 2093.187500 583.968750	1.890 0.132 -0.176
weapon_ttt_glock	-2685.156250 -980.531250 606.093750	-0.791 25.843 91.505
weapon_ttt_glock	-2692.156250 2221.156250 1024.031250	2.198 1.231 0.571
weapon_ttt_glock	-2702.687500 2454.531250 823.937500	2.022 0.176 -0.044
weapon_ttt_glock	-2709.156250 481.625000 784.250000	1.890 0.132 -0.176
weapon_ttt_glock	-2722.156250 1898.906250 309.843750	1.670 -3.384 -0.615
weapon_ttt_m16	-2259.093750 -831.781250 348.843750	2.022 -5.801 83.902
weapon_ttt_m16	-2302.687500 2260.906250 356.906250	0.088 8.878 -87.813
weapon_ttt_m16	-2513.312500 1425.843750 257.406250	-0.220 11.999 -91.110
weapon_ttt_m16	-2669.656250 1472.250000 220.843750	2.110 -5.670 83.902
weapon_ttt_m16	-2691.500000 1615.406250 525.843750	2.110 -5.670 83.902
weapon_ttt_m16	-2726.843750 1752.406250 245.593750	-0.264 13.141 -89.923
weapon_ttt_p90	-2287.562500 1197.906250 655.781250	0.659 1.231 -87.770
weapon_ttt_p90	-2349.187500 -484.125000 606.281250	0.440 -2.637 -87.989
weapon_ttt_p90	-2767.625000 1994.062500 705.812500	-0.396 3.604 -91.110
weapon_ttt_pump	-2323.281250 1482.312500 526.343750	-0.044 -9.405 -88.297
weapon_ttt_pump	-2432.468750 -375.187500 526.437500	-0.483 -9.625 -89.000
weapon_ttt_pump	-2444.531250 2721.781250 278.687500	-0.967 11.603 86.319
weapon_ttt_pump	-2491.531250 394.156250 879.468750	-0.483 -9.713 -89.484
weapon_ttt_pump	-2494.000000 -827.250000 349.468750	-0.396 -9.493 -89.791
weapon_ttt_pump	-2554.406250 2526.000000 705.468750	-0.440 -9.757 -89.571
weapon_ttt_smokegrenade	-2217.093750 -478.343750 605.125000	-2.066 -1.231 -2.110
weapon_ttt_smokegrenade	-2223.000000 -484.968750 605.156250	-1.406 -1.494 -1.406
weapon_ttt_smokegrenade	-2228.750000 -478.968750 605.156250	-1.406 -1.494 -1.406
weapon_ttt_smokegrenade	-2275.093750 202.125000 535.125000	-1.143 -1.494 -0.615
weapon_ttt_smokegrenade	-2275.468750 193.375000 535.125000	-1.934 -1.406 -1.055
weapon_ttt_smokegrenade	-2285.312500 198.937500 535.125000	-1.802 -1.450 -1.011
weapon_ttt_smokegrenade	-2304.718750 2224.187500 356.156250	-2.637 -1.231 -1.450
weapon_ttt_smokegrenade	-2312.718750 2224.906250 356.156250	-2.329 -1.362 -1.275
weapon_ttt_smokegrenade	-2331.312500 2137.625000 1024.156250	-1.187 -1.494 -1.231
weapon_ttt_smokegrenade	-2332.781250 2143.468750 1024.187500	-1.362 -1.275 -0.879
weapon_ttt_smokegrenade	-2337.312500 2136.156250 1025.468750	18.371 50.367 -88.956
weapon_ttt_smokegrenade	-2435.750000 234.156250 292.156250	-1.319 -1.494 -1.362
weapon_ttt_smokegrenade	-2437.968750 225.312500 292.125000	-1.846 -1.275 -1.890
weapon_ttt_smokegrenade	-2444.906250 231.781250 292.156250	-1.450 -1.450 -1.494
weapon_ttt_smokegrenade	-2537.187500 1144.000000 220.156250	-1.978 -1.406 -1.099
weapon_ttt_smokegrenade	-2541.656250 1137.562500 220.187500	-1.055 -1.143 -0.703
weapon_ttt_smokegrenade	-2547.593750 1144.062500 220.156250	-2.593 -1.231 -1.406
weapon_ttt_smokegrenade	-2698.125000 222.593750 535.093750	-2.549 -1.275 -1.362
weapon_ttt_smokegrenade	-2701.031250 230.156250 535.093750	-1.978 -1.406 -1.055
weapon_ttt_smokegrenade	-2707.656250 223.375000 535.093750	-2.198 -1.362 -1.187
weapon_ttt_smokegrenade	-2708.312500 398.312500 220.156250	-2.066 -1.406 -1.143
weapon_ttt_smokegrenade	-2714.375000 387.593750 220.187500	-0.571 -1.494 -0.308
weapon_ttt_smokegrenade	-2717.031250 398.031250 220.156250	-2.022 -1.406 -1.099
weapon_ttt_smokegrenade	-2749.375000 -711.781250 605.156250	-1.538 -1.450 -1.582
weapon_ttt_smokegrenade	-2752.718750 -704.281250 605.125000	-1.714 -1.362 -1.758
weapon_ttt_smokegrenade	-2758.062500 -710.093750 605.187500	-0.659 -1.406 -0.527
weapon_zm_mac10	-2249.593750 155.656250 466.656250	-0.220 -46.060 -89.264
weapon_zm_mac10	-2285.156250 806.062500 784.750000	0.352 9.625 87.198
weapon_zm_mac10	-2316.281250 2146.187500 241.250000	-0.527 -47.994 -88.912
weapon_zm_mac10	-2616.375000 2335.937500 1024.531250	0.132 11.999 86.934
weapon_zm_mac10	-2635.343750 1177.531250 533.218750	-0.132 -50.631 -88.473
weapon_zm_mac10	-2727.218750 -98.250000 455.625000	0.000 1.670 90.011
weapon_zm_molotov	-2222.281250 -403.156250 528.937500	12.394 0.923 0.967
weapon_zm_molotov	-2229.156250 -395.031250 528.125000	-86.099 151.322 -164.903
weapon_zm_molotov	-2288.125000 1028.187500 658.406250	14.987 0.000 0.483
weapon_zm_molotov	-2293.781250 1002.343750 658.437500	14.767 0.000 0.483
weapon_zm_molotov	-2294.812500 2342.906250 1024.187500	-0.659 -1.582 -0.659
weapon_zm_molotov	-2295.937500 2331.593750 1024.156250	-1.406 -1.494 -1.450
weapon_zm_molotov	-2297.750000 2296.093750 359.906250	15.075 0.000 0.483
weapon_zm_molotov	-2300.375000 1028.218750 658.406250	2.285 4.219 0.791
weapon_zm_molotov	-2300.968750 2338.000000 1025.750000	-50.719 36.919 -86.539
weapon_zm_molotov	-2302.968750 2315.625000 359.968750	14.372 0.000 0.483
weapon_zm_molotov	-2306.312500 1011.437500 658.437500	14.987 0.000 0.483
weapon_zm_molotov	-2311.750000 2313.750000 359.937500	14.899 0.000 0.483
weapon_zm_molotov	-2478.343750 1435.531250 258.156250	-53.400 70.057 -87.330
weapon_zm_molotov	-2483.625000 1440.968750 257.000000	-16.833 12.790 -16.174
weapon_zm_molotov	-2485.812500 1429.843750 258.250000	-25.184 84.341 87.506
weapon_zm_molotov	-2490.187500 1441.906250 256.437500	-0.791 -12.218 -0.791
weapon_zm_molotov	-2495.906250 -773.531250 223.937500	14.767 0.000 0.483
weapon_zm_molotov	-2507.875000 -753.062500 223.937500	14.987 0.000 0.483
weapon_zm_molotov	-2511.312500 -771.875000 223.937500	14.943 0.000 0.483
weapon_zm_molotov	-2519.750000 -754.093750 223.937500	14.811 0.000 0.483
weapon_zm_molotov	-2519.875000 1854.406250 221.468750	18.108 11.032 -89.132
weapon_zm_molotov	-2526.812500 1860.875000 220.218750	0.220 96.340 1.670
weapon_zm_molotov	-2527.968750 1849.000000 222.062500	-13.888 80.518 89.132
weapon_zm_molotov	-2529.125000 1854.312500 221.656250	19.162 55.158 -90.407
weapon_zm_molotov	-2551.687500 1849.437500 223.906250	15.251 0.000 0.483
weapon_zm_molotov	-2561.875000 1992.312500 705.625000	19.382 44.390 -90.011
weapon_zm_molotov	-2564.781250 1846.843750 223.968750	14.460 0.000 0.483
weapon_zm_molotov	-2568.406250 1990.562500 704.156250	-1.582 -1.406 -1.582
weapon_zm_molotov	-2576.343750 1990.406250 704.187500	-0.571 -1.319 -0.352
weapon_zm_molotov	-2711.968750 2040.406250 265.656250	2.373 0.220 -1.099
weapon_zm_molotov	-2717.000000 2036.156250 267.031250	18.064 -85.440 -90.099
weapon_zm_molotov	-2719.656250 2040.531250 265.687500	0.088 -0.571 0.000
weapon_zm_molotov	-2736.062500 2160.531250 824.156250	-1.538 -1.450 -1.582
weapon_zm_molotov	-2749.843750 2153.468750 824.125000	-1.978 -1.231 -2.022
weapon_zm_molotov	-2752.187500 2165.593750 824.156250	-1.187 -1.494 -1.187
weapon_zm_pistol	-2353.906250 -475.593750 368.843750	0.000 -37.182 -88.209
weapon_zm_pistol	-2397.625000 2057.250000 525.843750	0.615 -34.589 -89.484
weapon_zm_pistol	-2475.562500 2521.531250 704.875000	1.099 -37.226 -89.044
weapon_zm_pistol	-2536.937500 -1047.906250 397.437500	0.176 -36.919 -89.352
weapon_zm_pistol	-2590.312500 1132.281250 220.906250	0.571 -37.226 -89.176
weapon_zm_pistol	-2625.812500 99.281250 535.843750	0.615 -37.226 -89.132
weapon_zm_pistol	-2639.281250 2499.593750 558.906250	0.747 -37.182 -89.308
weapon_zm_pistol	-2640.406250 1161.093750 655.906250	0.527 -37.226 -89.264
weapon_zm_pistol	-2642.687500 889.906250 785.187500	0.352 -37.182 -89.440
weapon_zm_pistol	-2713.968750 2335.843750 400.875000	0.835 -37.270 -88.912
weapon_zm_pistol	-2762.156250 -682.031250 605.875000	1.055 -37.226 -89.088
weapon_zm_revolver	-2258.906250 27.906250 468.375000	2.593 -23.074 -85.132
weapon_zm_revolver	-2284.000000 -958.093750 348.968750	1.978 -18.723 -85.792
weapon_zm_revolver	-2286.812500 -969.500000 605.937500	1.890 -18.811 -85.968
weapon_zm_revolver	-2371.343750 185.125000 535.937500	2.417 -19.206 -85.704
weapon_zm_revolver	-2398.343750 2145.875000 955.812500	2.198 -18.371 -83.858
weapon_zm_revolver	-2463.406250 1407.218750 257.125000	-0.571 -15.822 -85.704
weapon_zm_revolver	-2513.656250 287.187500 220.937500	2.637 -13.932 -85.308
weapon_zm_revolver	-2565.218750 1815.781250 220.812500	2.198 -18.415 -83.946
weapon_zm_revolver	-2619.343750 2892.406250 277.281250	1.890 -24.041 -85.264
weapon_zm_revolver	-2640.343750 -110.218750 445.218750	2.066 -18.679 -85.660
weapon_zm_revolver	-2671.687500 183.593750 445.531250	2.285 -22.591 -85.396
weapon_zm_revolver	-2674.593750 2689.343750 704.968750	2.198 -14.680 -85.528
weapon_zm_revolver	-2675.781250 1127.531250 785.375000	2.241 -18.503 -84.517
weapon_zm_rifle	-2245.500000 340.656250 454.406250	0.879 9.537 85.308
weapon_zm_rifle	-2271.406250 -555.062500 221.156250	0.879 -81.133 -84.781
weapon_zm_rifle	-2341.531250 -197.750000 710.937500	3.472 12.658 65.399
weapon_zm_rifle	-2453.531250 2045.312500 526.250000	0.747 -6.461 -85.528
weapon_zm_rifle	-2680.000000 2152.781250 1023.218750	3.428 11.032 65.662
weapon_zm_rifle	-2721.218750 1207.375000 219.125000	3.604 13.229 65.047
weapon_zm_shotgun	-2381.187500 1707.406250 526.000000	-0.132 -5.758 -83.243
weapon_zm_shotgun	-2490.906250 1196.593750 261.500000	-0.396 -8.439 -84.341
weapon_zm_shotgun	-2492.093750 -779.000000 606.031250	-0.220 -7.955 -84.034
weapon_zm_shotgun	-2616.906250 2681.531250 705.000000	-0.308 -8.351 -83.418
weapon_zm_sledge	-2423.375000 2528.281250 701.781250	18.635 -0.132 2.989
weapon_zm_sledge	-2536.687500 2336.843750 1021.781250	18.635 -0.132 2.989
weapon_zm_sledge	-2635.406250 539.781250 217.781250	18.635 -0.352 2.989
weapon_zm_sledge	-2757.062500 -520.968750 602.781250	18.635 -0.132 2.989
