# Trouble in Terrorist Town weapon/ammo placement overrides
# For map: ttt_aircraft_v1b
# Exported by: [CM] Badger
setting:	replacespawns 1
ttt_playerspawn	0.324676 -1998.130493 0.574734	0.005 89.586 0.083
ttt_playerspawn	534.629761 -502.355743 0.491301	-0.000 0.004 0.000
ttt_playerspawn	-0.270052 -918.855591 0.528953	-0.095 -89.914 -0.098
ttt_playerspawn	-527.022278 760.621765 192.599075	0.012 -179.914 -0.010
ttt_playerspawn	-544.968933 -210.108490 384.542938	-0.006 -0.000 0.006
ttt_playerspawn	-211.739517 -189.315826 384.536224	-0.006 179.921 0.197
ttt_playerspawn	216.576843 923.168396 384.475830	-0.027 -90.730 -0.028
ttt_playerspawn	-464.781464 589.588135 0.511665	-0.011 -89.968 -0.198
ttt_playerspawn	19.291683 1393.776123 0.533926	-0.105 -90.000 -0.105
ttt_playerspawn	-685.326904 1814.802002 0.458973	-0.014 -0.000 0.014
ttt_playerspawn	-97.354904 566.182373 0.543059	-0.085 88.320 -0.096
ttt_playerspawn	714.159119 1210.189209 0.868948	0.002 -174.538 1.363
ttt_playerspawn	68.272675 1026.768188 192.499390	0.103 89.989 -0.010
ttt_playerspawn	468.667999 819.278198 192.553955	-0.073 94.406 0.073
ttt_playerspawn	528.078796 -206.651489 384.528473	-0.008 -0.029 0.007
ttt_playerspawn	-1.687631 765.509521 384.579163	-0.009 -89.921 0.057
ttt_playerspawn	-387.161224 1679.681519 384.535645	-0.006 -0.000 0.006
ttt_playerspawn	375.789795 1675.910522 384.483246	0.046 -180.000 -0.047
ttt_playerspawn	-12.165629 -208.327118 0.597867	-0.045 90.034 0.034
ttt_playerspawn	237.482117 1188.523560 -191.485733	-0.001 179.883 0.273
ttt_playerspawn	285.138702 1625.930054 0.498809	-0.010 0.000 0.010
ttt_playerspawn	438.589081 -143.920090 0.446425	0.017 -3.181 -0.018
ttt_playerspawn	336.578522 224.139206 0.494124	-0.011 0.000 0.011
ttt_playerspawn	-726.447998 -1058.672852 0.469223	-0.013 -0.000 0.013
ttt_playerspawn	-349.412537 1324.882568 -191.465851	-0.085 -90.041 -0.088
ttt_playerspawn	-169.231506 1625.110840 144.529617	-0.081 -0.483 -0.055
ttt_playerspawn	-714.865417 827.440430 -191.467361	-0.007 0.000 0.007
ttt_playerspawn	660.523071 514.989990 -191.559311	0.013 177.506 0.031
ttt_playerspawn	-332.207489 292.555847 -191.497910	-0.369 94.389 0.054
ttt_playerspawn	-397.401764 1660.455688 -191.491119	-0.037 0.314 0.030
weapon_ttt_smokegrenade	-139.274994 912.283020 196.735001	0.000 0.000 0.000
weapon_ttt_smokegrenade	-144.912994 901.793030 196.735001	0.000 0.000 0.000
weapon_ttt_smokegrenade	632.000000 1998.000000 26.285999	0.000 0.000 0.000
weapon_ttt_smokegrenade	656.000000 1992.000000 25.813000	0.000 0.000 0.000
weapon_ttt_smokegrenade	-408.036011 1066.859985 -187.264999	0.000 0.000 0.000
weapon_ttt_smokegrenade	-395.556000 1064.469971 -187.264999	0.000 0.000 0.000
weapon_ttt_smokegrenade	692.697998 236.580994 -187.264999	0.000 0.000 0.000
ttt_random_weapon	-184.000000 -1720.000000 16.000000	0.000 0.000 0.000
ttt_random_weapon	168.000000 -1720.000000 16.000000	0.000 0.000 0.000
ttt_random_weapon	560.000000 360.000000 56.000000	0.000 0.000 0.000
ttt_random_weapon	448.000000 416.000000 56.000000	0.000 0.000 0.000
ttt_random_weapon	-533.491028 -329.170013 9.372920	0.000 0.000 0.000
ttt_random_weapon	-285.867004 147.468002 9.372920	0.000 0.000 0.000
ttt_random_weapon	-305.260986 116.152000 9.372920	0.000 0.000 0.000
ttt_random_weapon	-651.500000 409.639008 57.967400	0.000 0.000 0.000
ttt_random_weapon	-581.794006 -184.207001 9.372920	0.000 0.000 0.000
ttt_random_weapon	-690.283020 672.952026 9.372920	0.000 0.000 0.000
ttt_random_weapon	-689.862000 1212.670044 9.372920	0.000 0.000 0.000
ttt_random_weapon	-458.722992 1967.260010 9.372920	0.000 0.000 0.000
ttt_random_weapon	-15.049000 1828.569946 9.372920	0.000 0.000 0.000
ttt_random_weapon	647.434021 1460.119995 9.372920	0.000 0.000 0.000
ttt_random_weapon	708.538025 1015.330017 9.372910	0.000 0.000 0.000
ttt_random_weapon	-194.007004 1645.819946 -182.626999	0.000 0.000 0.000
ttt_random_weapon	208.324005 1638.849976 -182.626999	0.000 0.000 0.000
ttt_random_weapon	-699.567017 678.346008 -182.626999	0.000 0.000 0.000
ttt_random_weapon	-565.508972 697.513000 -182.626999	0.000 0.000 0.000
ttt_random_weapon	-497.250000 964.728027 -182.626999	0.000 0.000 0.000
ttt_random_weapon	-332.502014 956.838013 -182.626999	0.000 0.000 0.000
ttt_random_weapon	683.031982 684.440979 -182.626999	0.000 0.000 0.000
ttt_random_weapon	694.288025 832.560974 -182.626999	0.000 0.000 0.000
ttt_random_weapon	492.662994 961.534973 -182.626999	0.000 0.000 0.000
ttt_random_weapon	508.264008 299.151001 -182.626999	0.000 0.000 0.000
ttt_random_weapon	691.122009 411.842987 -182.626999	0.000 0.000 0.000
ttt_random_weapon	343.333008 330.002991 -182.626999	0.000 0.000 0.000
ttt_random_weapon	-686.806030 567.616028 -182.626999	0.000 0.000 0.000
ttt_random_weapon	-667.939026 361.803009 -182.626999	0.000 0.000 0.000
ttt_random_weapon	-281.002014 582.189026 -182.626999	0.000 0.000 0.000
ttt_random_weapon	165.039001 619.442017 -182.626999	0.000 0.000 0.000
ttt_random_weapon	154.292999 222.979996 -182.626999	0.000 0.000 0.000
ttt_random_weapon	257.522003 -1184.500000 9.372910	0.000 0.000 0.000
ttt_random_weapon	133.554001 -166.401001 393.372986	0.000 0.000 0.000
ttt_random_weapon	-590.322998 21.901899 393.372986	0.000 0.000 0.000
ttt_random_weapon	-180.061996 168.466995 393.372986	0.000 0.000 0.000
ttt_random_weapon	599.702026 46.676601 393.372986	0.000 0.000 0.000
ttt_random_weapon	-669.005005 1978.650024 393.372986	0.000 0.000 0.000
ttt_random_weapon	-304.000000 -1296.000000 9.372910	0.000 0.000 0.000
weapon_zm_molotov	623.526001 656.382996 4.734560	0.000 0.000 0.000
weapon_zm_molotov	629.510986 672.127991 4.734560	0.000 0.000 0.000
weapon_zm_molotov	614.525024 676.507996 4.734560	0.000 0.000 0.000
weapon_zm_molotov	265.855011 218.561005 4.734560	0.000 0.000 0.000
weapon_zm_molotov	274.110992 232.613998 4.734560	0.000 0.000 0.000
weapon_zm_molotov	-520.015015 184.645996 388.734985	0.000 0.000 0.000
weapon_zm_molotov	709.396973 167.602997 196.735001	0.000 0.000 0.000
weapon_zm_molotov	721.067993 149.820999 196.735001	0.000 0.000 0.000
weapon_zm_molotov	-481.339996 1348.949951 388.734985	0.000 0.000 0.000
weapon_ttt_glock	-108.321999 575.737976 1.997950	0.000 0.000 0.000
weapon_ttt_m16	-402.200989 -58.639999 1.931700	0.000 0.000 0.000
ttt_random_ammo	-184.000000 -1744.000000 32.000000	0.000 0.000 0.000
ttt_random_ammo	168.000000 -1744.000000 32.000000	0.000 0.000 0.000
ttt_random_ammo	166.917999 919.096985 -191.998993	0.000 0.000 0.000
ttt_random_ammo	163.895004 894.580017 -191.998993	0.000 0.000 0.000
ttt_random_ammo	719.255005 -209.442993 384.001007	0.000 0.000 0.000
ttt_random_ammo	678.853027 -181.938995 384.001007	0.000 0.000 0.000
ttt_random_ammo	702.489014 -663.020996 0.000580	0.000 0.000 0.000
ttt_random_ammo	717.283020 -710.736023 0.000580	0.000 0.000 0.000
ttt_random_ammo	716.671021 -774.710022 0.000580	0.000 0.000 0.000
ttt_random_ammo	-549.638000 270.066986 192.001007	0.000 0.000 0.000
ttt_random_ammo	-599.161987 259.841003 192.001007	0.000 0.000 0.000
ttt_random_ammo	-289.089996 919.255981 192.001007	0.000 0.000 0.000
ttt_random_ammo	697.895996 1796.640015 0.000580	0.000 0.000 0.000
ttt_random_ammo	683.174988 1765.400024 0.000580	0.000 0.000 0.000
ttt_random_ammo	200.365005 564.078003 0.000600	0.000 0.000 0.000
ttt_random_ammo	710.218018 273.450012 40.543800	0.000 0.000 0.000
ttt_random_ammo	703.354004 255.772995 40.543800	0.000 0.000 0.000
ttt_random_ammo	546.130005 -202.007996 48.595100	0.000 0.000 0.000
ttt_random_ammo	716.036987 26.882799 0.000607	0.000 0.000 0.000
ttt_random_ammo	713.247986 -2.254880 0.000600	0.000 0.000 0.000
ttt_random_ammo	-701.807007 67.413696 0.000600	0.000 0.000 0.000
ttt_random_ammo	-710.405029 127.624001 0.000607	0.000 0.000 0.000
ttt_random_ammo	-650.854980 81.411102 0.000600	0.000 0.000 0.000
ttt_random_ammo	-699.294006 16.972500 0.000607	0.000 0.000 0.000
ttt_random_ammo	-705.981018 105.073997 0.000607	0.000 0.000 0.000
ttt_random_ammo	-703.448975 51.302898 0.000600	0.000 0.000 0.000
ttt_random_ammo	-666.507019 48.352200 0.000592	0.000 0.000 0.000
ttt_random_ammo	-718.559021 232.695007 0.000600	0.000 0.000 0.000
ttt_random_ammo	-683.572998 141.837997 0.000600	0.000 0.000 0.000
ttt_random_ammo	-710.963013 195.052994 0.000592	0.000 0.000 0.000
ttt_random_ammo	-716.771973 154.781998 0.000600	0.000 0.000 0.000
ttt_random_ammo	-652.385010 -135.612000 384.001007	0.000 0.000 0.000
ttt_random_ammo	595.268005 164.667007 384.001007	0.000 0.000 0.000
ttt_random_ammo	300.183014 516.642029 192.001007	0.000 0.000 0.000
ttt_random_ammo	288.274994 478.399994 192.001007	0.000 0.000 0.000
ttt_random_ammo	-186.841003 686.760010 192.001007	0.000 0.000 0.000
ttt_random_ammo	-162.593994 616.257996 192.001007	0.000 0.000 0.000
ttt_random_ammo	-186.033997 576.973022 192.001007	0.000 0.000 0.000
ttt_random_ammo	133.442993 791.494019 192.001007	0.000 0.000 0.000
ttt_random_ammo	163.240005 766.882996 192.001007	0.000 0.000 0.000
ttt_random_ammo	549.851990 -193.742996 192.001007	0.000 0.000 0.000
ttt_random_ammo	604.934998 -172.016006 192.001007	0.000 0.000 0.000
ttt_random_ammo	560.151978 -146.326004 192.001007	0.000 0.000 0.000
ttt_random_ammo	668.583008 107.531998 192.001007	0.000 0.000 0.000
ttt_random_ammo	-672.218994 -128.089996 192.001007	0.000 0.000 0.000
ttt_random_ammo	-623.872009 -103.140999 192.001007	0.000 0.000 0.000
ttt_random_ammo	-684.551025 -64.186401 192.001007	0.000 0.000 0.000
ttt_random_ammo	-377.003998 1138.410034 0.000641	0.000 0.000 0.000
ttt_random_ammo	-391.395996 1180.890015 0.000641	0.000 0.000 0.000
ttt_random_ammo	-133.182007 -1367.079956 0.000580	0.000 0.000 0.000
ttt_random_ammo	-142.598999 -1291.479980 0.000580	0.000 0.000 0.000
ttt_random_ammo	-96.000000 -1323.599976 0.000580	0.000 0.000 0.000
ttt_random_ammo	-105.417000 -1248.000000 0.000580	0.000 0.000 0.000
ttt_random_ammo	-48.000000 -1371.599976 0.000580	0.000 0.000 0.000
ttt_random_ammo	-57.417000 -1296.000000 0.000580	0.000 0.000 0.000
ttt_random_ammo	41.417000 -1387.599976 0.000580	0.000 0.000 0.000
ttt_random_ammo	32.000000 -1312.000000 0.000580	0.000 0.000 0.000
ttt_random_ammo	304.000000 -1179.599976 0.000580	0.000 0.000 0.000
ttt_random_ammo	294.583008 -1104.000000 0.000580	0.000 0.000 0.000
ttt_random_ammo	-310.583008 -1200.000000 0.000580	0.000 0.000 0.000
ttt_random_ammo	-320.000000 -1124.400024 0.000580	0.000 0.000 0.000
ttt_random_ammo	-230.582993 -1312.000000 0.000580	0.000 0.000 0.000
ttt_random_ammo	-240.000000 -1236.400024 0.000580	0.000 0.000 0.000
ttt_random_ammo	249.417007 -1371.599976 0.000580	0.000 0.000 0.000
ttt_random_ammo	240.000000 -1296.000000 0.000580	0.000 0.000 0.000
ttt_random_ammo	48.000000 -1243.599976 0.000580	0.000 0.000 0.000
ttt_random_ammo	38.583000 -1168.000000 0.000580	0.000 0.000 0.000
ttt_random_ammo	128.000000 -1163.599976 0.000580	0.000 0.000 0.000
ttt_random_ammo	118.583000 -1088.000000 0.000580	0.000 0.000 0.000
ttt_random_ammo	-86.583000 -1179.599976 0.000580	0.000 0.000 0.000
ttt_random_ammo	-96.000000 -1104.000000 0.000580	0.000 0.000 0.000
ttt_random_ammo	314.446991 -28.903900 0.000599	0.000 0.000 0.000
ttt_random_ammo	283.292999 12.822200 0.000599	0.000 0.000 0.000
ttt_random_ammo	276.515015 -35.409000 0.000607	0.000 0.000 0.000
ttt_random_ammo	284.040985 -7.274690 0.000599	0.000 0.000 0.000
ttt_random_ammo	273.184998 317.921997 0.000599	0.000 0.000 0.000
ttt_random_ammo	275.812012 350.919006 0.000599	0.000 0.000 0.000
ttt_random_ammo	-201.201004 570.468994 0.000599	0.000 0.000 0.000
ttt_random_ammo	-173.281998 559.398010 0.000599	0.000 0.000 0.000
ttt_random_ammo	-185.067001 1474.670044 0.000599	0.000 0.000 0.000
ttt_random_ammo	-206.259995 1515.719971 0.000599	0.000 0.000 0.000
ttt_random_ammo	-652.711975 476.592987 0.000600	0.000 0.000 0.000
ttt_random_ammo	-710.367981 420.565002 0.000596	0.000 0.000 0.000
ttt_random_ammo	-669.205017 403.227997 0.000600	0.000 0.000 0.000
ttt_random_ammo	-683.455994 424.942993 0.000600	0.000 0.000 0.000
ttt_random_ammo	-639.062988 442.615997 0.000600	0.000 0.000 0.000
ttt_random_ammo	-241.067001 1540.949951 -191.998993	0.000 0.000 0.000
ttt_random_ammo	-215.822998 1568.400024 -191.998993	0.000 0.000 0.000
ttt_random_ammo	-388.674988 1501.880005 -191.998993	0.000 0.000 0.000
ttt_random_ammo	-387.776001 1532.339966 -191.998993	0.000 0.000 0.000
ttt_random_ammo	-386.437012 1553.180054 -191.998993	0.000 0.000 0.000
ttt_random_ammo	383.908997 1523.829956 -191.998993	0.000 0.000 0.000
ttt_random_ammo	380.299988 1557.170044 -191.998993	0.000 0.000 0.000
ttt_random_ammo	386.358002 1587.890015 -191.998993	0.000 0.000 0.000
ttt_random_ammo	384.024994 1541.390015 -191.998993	0.000 0.000 0.000
ttt_random_ammo	388.165009 1659.729980 -191.998993	0.000 0.000 0.000
ttt_random_ammo	262.997009 1495.219971 -191.998993	0.000 0.000 0.000
ttt_random_ammo	623.153992 1962.250000 0.000600	0.000 0.000 0.000
ttt_random_ammo	663.773987 1960.589966 0.000615	0.000 0.000 0.000
ttt_random_ammo	637.520020 1998.699951 97.018501	0.000 0.000 0.000
ttt_random_ammo	662.513000 2001.560059 97.018501	0.000 0.000 0.000
ttt_random_ammo	-482.270996 1024.119995 0.000600	0.000 0.000 0.000
ttt_random_ammo	-466.631012 1008.080017 0.000592	0.000 0.000 0.000
ttt_random_ammo	402.287994 1293.150024 0.000592	0.000 0.000 0.000
ttt_random_ammo	399.039001 1271.310059 0.000600	0.000 0.000 0.000
weapon_zm_rifle	616.742004 -188.388000 388.471008	0.000 0.000 0.000
weapon_zm_mac10	-196.692001 823.706970 196.470993	0.000 0.000 0.000
weapon_zm_pistol	7.149930 1430.920044 2.488630	0.000 0.000 0.000
weapon_ttt_confgrenade	460.605011 1007.229980 3.487090	0.000 0.000 0.000
weapon_ttt_confgrenade	480.739014 1008.700012 3.487090	0.000 0.000 0.000
weapon_ttt_confgrenade	460.661987 996.283020 3.487090	0.000 0.000 0.000
weapon_ttt_confgrenade	470.264008 1009.419983 3.487090	0.000 0.000 0.000
weapon_ttt_confgrenade	735.531006 -1058.260010 3.487080	0.000 0.000 0.000
weapon_ttt_confgrenade	725.802979 -1081.040039 3.487090	0.000 0.000 0.000
weapon_ttt_confgrenade	-528.916992 -205.050995 195.487000	0.000 0.000 0.000
weapon_ttt_confgrenade	-549.192017 -204.468002 195.487000	0.000 0.000 0.000
weapon_zm_shotgun	436.459015 1281.459961 193.957993	0.000 0.000 0.000
weapon_zm_sledge	177.242004 885.986023 387.858002	0.000 0.000 0.000
weapon_zm_sledge	-150.888000 -167.610992 195.858002	0.000 0.000 0.000
weapon_zm_sledge	541.851990 -407.431000 3.857760	0.000 0.000 0.000
weapon_zm_sledge	-172.979004 1421.420044 -188.141998	0.000 0.000 0.000
weapon_zm_revolver	-709.171021 1374.420044 1.723150	0.000 0.000 0.000
