# Exported by: [WzG] Nate
# For map: wip5
# Trouble in Terrorist Town weapon/ammo placement overrides
item_ammo_357_ttt	-151.8982 -894.3137 80.3502	0.521 0.041 -0.005
item_ammo_357_ttt	-1558.9047 1430.7451 80.3331	0.464 0.066 0.050
item_ammo_357_ttt	-1569.8723 1430.7920 80.3673	0.467 0.060 0.037
item_ammo_357_ttt	-168.2056 -895.8840 80.3140	0.424 0.103 0.199
item_ammo_357_ttt	-261.4760 961.3060 80.3604	0.456 0.058 0.044
item_ammo_357_ttt	-261.5329 973.9884 80.3604	0.456 0.058 0.044
item_ammo_357_ttt	1364.5966 1479.3962 85.6555	-43.034 174.220 180.000
item_ammo_357_ttt	1383.2258 1476.5963 82.6952	0.618 3.916 33.450
item_ammo_pistol_ttt	-1041.5852 1382.4248 111.3912	0.019 0.031 0.007
item_ammo_pistol_ttt	-1042.7260 332.9050 116.5205	-0.089 -0.069 0.110
item_ammo_pistol_ttt	-1044.4087 286.7909 116.5700	0.066 0.077 0.070
item_ammo_pistol_ttt	-1052.4156 1384.0017 111.3789	0.021 0.030 0.008
item_ammo_pistol_ttt	-106.2614 1438.3855 79.9726	0.180 -0.040 -0.026
item_ammo_pistol_ttt	-136.8443 -386.3918 80.3849	0.001 0.057 0.098
item_ammo_pistol_ttt	-147.5395 -385.2873 80.4162	-0.043 0.052 -0.020
item_ammo_pistol_ttt	-157.6181 -385.9013 80.3722	-0.060 0.063 -0.029
item_ammo_pistol_ttt	-268.8680 781.1193 131.3453	-0.134 -0.019 -0.041
item_ammo_pistol_ttt	-275.7639 780.8510 131.3920	-0.093 -0.020 -0.028
item_ammo_pistol_ttt	-282.3152 958.6028 80.3648	-0.117 -0.019 -0.035
item_ammo_pistol_ttt	-293.1487 958.6450 80.3764	-0.107 -0.019 -0.032
item_ammo_pistol_ttt	-303.9424 957.6509 80.3586	-0.122 -0.019 -0.037
item_ammo_pistol_ttt	-484.0969 729.2750 -549.6524	-0.132 -0.019 -0.040
item_ammo_pistol_ttt	-493.8297 729.0722 -549.6771	-0.154 -0.018 -0.046
item_ammo_pistol_ttt	-607.1637 836.9426 -549.6797	-0.156 -0.017 -0.047
item_ammo_pistol_ttt	-614.6359 836.5220 -549.6293	-0.112 -0.020 -0.034
item_ammo_pistol_ttt	-97.4820 1439.4000 79.9462	-0.053 -0.018 -0.015
item_ammo_pistol_ttt	1036.0470 622.3585 80.3521	-0.128 -0.019 -0.039
item_ammo_pistol_ttt	1043.4683 623.2659 80.3688	-0.113 -0.019 -0.034
item_ammo_pistol_ttt	814.9705 452.1772 80.3308	-0.147 -0.018 -0.044
item_ammo_pistol_ttt	823.5004 452.7443 80.3565	-0.124 -0.019 -0.038
item_ammo_revolver_ttt	-283.8492 2086.6628 88.3425	0.452 0.061 0.051
item_ammo_revolver_ttt	-296.0879 2087.5571 88.3669	0.457 0.058 0.041
item_ammo_revolver_ttt	-603.9624 467.7047 104.5700	0.510 -0.151 0.031
item_ammo_revolver_ttt	-611.2678 467.3929 104.6517	0.531 -0.155 0.013
item_ammo_revolver_ttt	741.0333 1697.8790 127.3217	0.448 0.068 0.059
item_ammo_revolver_ttt	741.0564 1684.2965 127.3444	0.453 0.062 0.050
item_ammo_revolver_ttt	86.8302 1092.0144 -513.6500	0.454 0.061 0.048
item_ammo_revolver_ttt	94.9626 1091.9764 -513.6761	0.448 0.068 0.059
item_ammo_smg1_ttt	-1338.7809 1904.9708 80.4861	0.669 0.002 0.422
item_ammo_smg1_ttt	-1339.2334 1924.6683 80.3864	0.088 -0.005 0.047
item_ammo_smg1_ttt	-590.9965 -86.5861 80.4830	-0.377 -0.001 -0.367
item_ammo_smg1_ttt	-606.9259 -86.2621 80.3993	0.152 -0.005 0.090
item_ammo_smg1_ttt	1308.8083 1342.2324 127.4286	0.673 -0.003 0.439
item_ammo_smg1_ttt	1326.1638 1341.5974 127.4135	0.302 -0.005 0.191
item_ammo_smg1_ttt	32.0937 960.4384 80.4371	1.103 0.002 0.727
item_ammo_smg1_ttt	32.5950 982.4512 80.5389	0.018 -1.224 -0.166
item_box_buckshot_ttt	-198.3822 1243.2491 80.4408	-0.551 -0.006 0.494
item_box_buckshot_ttt	-207.4553 1244.2653 80.4523	-0.475 -0.007 0.421
item_box_buckshot_ttt	1371.9301 1049.1595 80.4306	-0.677 -0.004 0.539
item_box_buckshot_ttt	1384.0293 1048.4512 80.4068	-0.822 -0.003 0.730
item_box_buckshot_ttt	31.7737 1198.7554 -549.6151	-1.000 -0.010 0.896
item_box_buckshot_ttt	360.7296 312.3748 80.3986	-0.923 -0.009 0.818
item_box_buckshot_ttt	374.7040 312.0533 80.4071	-1.032 -0.006 0.820
item_box_buckshot_ttt	42.1055 1198.4780 -549.6232	0.479 0.018 -0.301
item_box_buckshot_ttt	69.2855 981.3099 80.4119	-0.986 0.002 0.783
item_box_buckshot_ttt	69.3773 967.0839 80.4219	-0.714 -0.006 0.633
setting:	replacespawns 1
ttt_playerspawn	-1043.7001 1879.3046 80.4403	-0.095 -0.000 0.095
ttt_playerspawn	-11.3415 -586.9078 80.4433	-0.247 -0.388 0.026
ttt_playerspawn	-112.6188 1050.9454 -549.5269	-0.040 -0.000 0.045
ttt_playerspawn	-1206.7122 658.3196 80.4678	-0.051 -0.000 0.051
ttt_playerspawn	-1494.5696 1531.6636 80.3944	-0.013 -0.000 0.013
ttt_playerspawn	-1553.5845 1091.4148 80.3696	-0.016 -0.000 0.016
ttt_playerspawn	-161.2132 140.2696 80.4497	0.020 -0.179 0.180
ttt_playerspawn	-302.4060 389.6298 80.4766	-0.140 -0.210 0.214
ttt_playerspawn	-310.8487 -600.6838 80.4457	-0.086 -0.000 0.086
ttt_playerspawn	-355.1157 -169.0440 80.4501	-0.079 -0.000 0.079
ttt_playerspawn	-646.8746 953.7073 -549.5477	-0.075 -0.000 0.076
ttt_playerspawn	-937.8193 865.5552 80.3715	-0.016 -0.000 0.016
ttt_playerspawn	-951.5247 1590.2540 80.4254	-0.009 -0.000 0.009
ttt_playerspawn	1192.3766 942.6671 80.3960	-0.013 -0.000 0.013
ttt_playerspawn	1266.6709 1289.2987 80.3735	-0.016 -0.000 0.016
ttt_playerspawn	1373.5582 1544.6909 80.3878	-0.014 -0.000 0.014
ttt_playerspawn	145.0898 364.5988 80.4591	-0.036 -0.010 0.144
ttt_playerspawn	29.3443 1122.3246 -549.5726	-0.115 -0.000 0.115
ttt_playerspawn	29.5046 2135.2510 80.4708	0.000 0.158 0.093
ttt_playerspawn	39.9953 -195.8292 80.4780	-0.035 -0.000 0.035
ttt_playerspawn	561.2053 -14177.7979 -16378.4004	0.000 0.000 0.000
ttt_playerspawn	723.6292 1484.0447 80.4021	-0.012 -0.000 0.012
ttt_playerspawn	900.6768 647.3386 80.4306	-0.110 -0.000 0.110
ttt_playerspawn	959.9003 318.8749 80.4406	-0.094 -0.000 0.094
ttt_random_ammo	-1686.6771 815.3154 80.4096	1.565 -0.035 -1.871
ttt_random_ammo	-1687.2279 831.4968 80.3865	0.302 -0.002 -0.312
ttt_random_ammo	-193.9956 2227.7346 80.3533	0.055 0.000 -0.007
ttt_random_ammo	-284.4516 1001.2369 80.3148	0.047 0.000 -0.036
ttt_random_ammo	-297.4310 999.6120 80.3654	0.077 0.000 0.026
ttt_random_ammo	-612.9788 590.5379 80.3400	0.047 -0.000 0.023
ttt_random_ammo	1093.4542 1958.2531 80.3854	0.276 0.001 0.278
ttt_random_ammo	1172.4994 772.5183 80.3673	0.079 -0.000 -0.031
ttt_random_ammo	1432.7246 1435.9220 80.3673	0.079 -0.000 -0.032
ttt_random_ammo	49.9166 982.4745 80.3328	0.046 0.000 -0.028
ttt_random_ammo	50.3013 968.9359 80.4183	1.662 0.036 2.014
ttt_random_weapon	-127.4297 1356.3423 -548.7700	1.536 4.681 -93.374
ttt_random_weapon	-1345.1860 313.3331 81.0805	1.638 -114.774 -91.354
ttt_random_weapon	-173.9570 -749.6877 81.2247	1.596 4.987 -93.236
ttt_random_weapon	-50.5371 -772.3153 81.2215	1.515 4.184 -93.288
ttt_random_weapon	-58.7409 1433.7196 80.6623	2.176 5.580 -92.103
ttt_random_weapon	-774.2663 964.1523 -548.8023	1.901 4.718 -92.537
ttt_random_weapon	1087.8254 1924.4329 81.2087	1.777 4.927 -92.822
ttt_random_weapon	1093.0807 1360.6724 81.1931	1.952 4.926 -92.420
ttt_random_weapon	335.2792 2092.1038 81.2041	1.829 4.713 -92.703
weapon_ttt_glock	-1025.5370 1413.7067 111.5288	-0.988 26.375 92.165
weapon_ttt_glock	-590.2512 841.8311 -549.4693	-0.864 26.701 91.538
weapon_ttt_glock	-77.4029 1440.2430 80.0503	-0.698 25.589 91.186
weapon_ttt_glock	793.2795 440.3157 105.0213	-1.384 26.964 92.066
weapon_ttt_m16	-121.0666 -385.1210 81.1592	2.037 -8.126 84.294
weapon_ttt_m16	-482.0316 709.6538 -548.8408	2.037 -8.134 84.294
weapon_ttt_m16	1047.9974 577.6440 81.1692	2.146 -8.226 84.374
weapon_zm_mac10	-1344.4192 1949.2985 81.2670	-0.053 -37.569 -88.536
weapon_zm_mac10	-604.6501 -50.4298 81.2333	-0.119 -34.457 -88.306
weapon_zm_mac10	1327.1575 1364.6196 128.1844	-0.377 -39.105 -88.060
weapon_zm_pistol	-1046.8887 382.1263 117.8811	-0.875 -37.117 -91.032
weapon_zm_pistol	-271.4602 762.2174 131.3312	-0.675 36.906 90.860
weapon_zm_revolver	-280.8272 2071.8594 89.9444	2.685 -20.136 -83.969
weapon_zm_revolver	-610.9421 494.9095 106.1989	2.439 -24.856 -85.010
weapon_zm_revolver	762.5279 1698.0452 128.9025	2.454 -20.350 -83.514
weapon_zm_revolver	84.2057 1112.8805 -512.0594	2.723 -20.118 -83.821
weapon_zm_rifle	-126.1127 -922.2916 81.3538	3.285 14.064 65.029
weapon_zm_rifle	-1556.2251 1412.9055 81.3639	3.325 11.906 65.107
weapon_zm_rifle	1379.9652 1485.7738 81.3792	3.474 6.734 65.530
weapon_zm_shotgun	-209.2837 1260.4451 81.2748	-0.352 8.303 84.148
weapon_zm_shotgun	1370.6788 1062.5714 82.4102	9.461 -0.027 -0.436
weapon_zm_shotgun	32.2784 1174.6960 -548.7252	-0.352 8.363 84.149
weapon_zm_shotgun	351.8975 290.2748 81.2456	-0.387 8.131 83.626
weapon_zm_sledge	-11.5306 2155.0186 84.4384	18.656 0.365 2.871
weapon_zm_sledge	30.0916 830.3148 84.4258	18.552 0.267 2.870
weapon_zm_sledge	397.2396 937.8302 -545.5771	18.517 0.375 2.909
weapon_zm_sledge	46.6394 1016.1420 84.4116	18.407 0.349 2.966
weapon_zm_sledge	844.2863 1121.5681 84.3813	18.393 8.234 2.521
