# Exported by: [CM] Badger
# For map: xmas_nipperhouse
# Trouble in Terrorist Town weapon/ammo placement overrides
item_ammo_357_ttt	-2097.988525 -1631.929321 446.605225	0.825 0.989 -8.772
item_ammo_357_ttt	-2109.686523 -1631.566406 446.639740	0.874 0.995 -8.528
item_ammo_357_ttt	-657.308044 562.161011 168.430038	0.953 -0.027 -0.584
item_ammo_357_ttt	-676.034729 562.619934 168.406006	1.238 -0.048 -0.934
item_ammo_357_ttt	236.341049 -975.850403 131.856812	-7.520 -0.070 -0.745
item_ammo_357_ttt	306.223541 -218.871033 168.407364	1.206 -0.041 -0.902
item_ammo_357_ttt	315.567474 -215.438599 168.412811	1.143 -0.036 -0.824
item_ammo_357_ttt	359.856720 -588.750305 -13.123848	-12.973 -11.478 11.159
item_ammo_357_ttt	366.722107 -590.645020 -4.701208	-17.496 175.565 165.856
item_ammo_357_ttt	448.480225 271.972717 179.242340	0.378 0.158 -4.218
item_ammo_357_ttt	459.274445 282.469238 179.609695	0.230 -0.032 11.166
item_ammo_357_ttt	461.665253 266.417755 179.617508	0.371 0.166 -4.235
item_ammo_pistol_ttt	-114.423119 -303.420441 -18.856369	9.284 -7.714 30.481
item_ammo_pistol_ttt	-122.724380 -304.387909 -15.287939	-62.364 -74.301 93.879
item_ammo_pistol_ttt	-1381.350952 -1160.045166 -2.204282	1.530 -0.312 0.717
item_ammo_pistol_ttt	-1381.802979 -1139.237183 -1.936903	1.974 -0.068 0.712
item_ammo_pistol_ttt	-1402.516113 63.588905 544.018738	-63.957 4.077 -1.189
item_ammo_pistol_ttt	-1404.828125 93.651711 541.225220	-10.388 -1.238 -1.390
item_ammo_pistol_ttt	-1412.273071 60.351856 542.816101	-80.923 -178.957 -177.717
item_ammo_pistol_ttt	-142.650192 377.681305 144.425644	-0.681 0.044 -0.693
item_ammo_pistol_ttt	-148.776962 378.826202 144.450455	0.712 -0.381 0.084
item_ammo_pistol_ttt	-181.731689 -880.588867 -31.567421	-0.364 0.036 -0.502
item_ammo_pistol_ttt	-1882.320435 -1086.446533 176.465607	-0.299 0.115 -0.309
item_ammo_pistol_ttt	-1895.915527 -1088.557129 176.457123	-0.294 0.688 -0.366
item_ammo_pistol_ttt	-1906.740479 -1086.921753 176.457397	-0.383 0.501 -0.386
item_ammo_pistol_ttt	-1911.171509 -865.197876 440.266266	71.780 142.563 143.238
item_ammo_pistol_ttt	-1915.073120 -842.052734 442.896179	7.296 -0.037 12.294
item_ammo_pistol_ttt	-192.648849 -881.746460 -31.579407	-0.429 0.036 -0.593
item_ammo_pistol_ttt	-202.303741 -884.715637 -31.551670	-0.277 0.035 -0.383
item_ammo_pistol_ttt	-2045.100342 -1049.866333 416.386475	-0.191 -0.001 -0.150
item_ammo_pistol_ttt	-2051.038574 -1424.333862 416.411896	-0.476 0.035 -0.660
item_ammo_pistol_ttt	-2055.247559 -1052.870972 416.414307	-0.565 -0.276 0.309
item_ammo_pistol_ttt	-2058.886963 -1422.774536 416.643616	4.896 3.394 0.286
item_ammo_pistol_ttt	-2073.047607 -1297.941895 176.415771	-0.456 0.036 -0.630
item_ammo_pistol_ttt	-2084.733643 -1296.732666 176.457367	-0.213 0.050 -0.285
item_ammo_pistol_ttt	-2128.193604 -1341.143188 416.475281	1.344 0.382 0.283
item_ammo_pistol_ttt	-213.709610 -790.136230 33.747368	5.132 0.554 -0.741
item_ammo_pistol_ttt	-2134.262695 -1353.272705 416.482544	0.064 0.340 -0.078
item_ammo_pistol_ttt	-228.441589 1059.236328 4.476956	-0.382 -1.922 0.103
item_ammo_pistol_ttt	-228.850571 -770.336121 33.565380	-2.079 -0.418 -4.102
item_ammo_pistol_ttt	-2321.974609 -1670.087036 451.253723	-6.012 0.306 -9.839
item_ammo_pistol_ttt	-2333.214844 -1670.092529 450.434509	-1.650 0.525 -10.996
item_ammo_pistol_ttt	-2357.784180 -1662.759644 451.949005	3.232 -1.130 -9.626
item_ammo_pistol_ttt	-237.471481 1061.268799 5.643704	15.962 -0.346 -1.604
item_ammo_pistol_ttt	-2397.074219 -893.578857 481.480133	65.773 168.662 -176.535
item_ammo_pistol_ttt	-2409.259277 -897.361023 486.306244	64.057 168.885 -179.315
item_ammo_pistol_ttt	-322.502136 916.314880 8.361323	0.006 0.029 0.015
item_ammo_pistol_ttt	-330.706116 847.132324 -27.579582	-0.471 0.428 -0.662
item_ammo_pistol_ttt	-332.916290 918.291626 8.372835	-0.108 -0.020 -0.027
item_ammo_pistol_ttt	-336.364868 828.651794 -27.560780	-0.327 0.035 -0.452
item_ammo_pistol_ttt	-348.704742 918.800598 8.390489	-0.093 -0.020 -0.023
item_ammo_pistol_ttt	-43.625866 -127.958527 144.422974	-0.416 0.036 -0.575
item_ammo_pistol_ttt	-43.726547 -108.036369 144.438324	-0.332 0.035 -0.458
item_ammo_pistol_ttt	-44.119202 -81.476288 144.419464	-0.436 0.036 -0.602
item_ammo_pistol_ttt	-44.780846 -46.636883 320.408844	0.128 -0.067 0.038
item_ammo_pistol_ttt	-45.069817 254.965240 144.451355	-0.260 0.035 -0.360
item_ammo_pistol_ttt	-483.216095 806.565979 -15.308750	-1.924 -1.350 1.147
item_ammo_pistol_ttt	-496.436310 805.434631 -14.763515	-1.191 -0.127 -5.204
item_ammo_pistol_ttt	-50.751392 -39.174656 320.396484	-0.416 -0.005 -0.106
item_ammo_pistol_ttt	-57.862324 1076.792725 114.414551	-0.463 0.036 -0.640
item_ammo_pistol_ttt	-59.289833 275.762085 144.450027	-0.244 0.365 -0.387
item_ammo_pistol_ttt	-64.492104 1074.759888 114.421860	-0.423 0.036 -0.584
item_ammo_pistol_ttt	-689.843994 1155.334229 27.326582	1.055 -1.504 -6.534
item_ammo_pistol_ttt	-711.531555 1134.820557 33.273426	81.722 -124.371 -123.906
item_ammo_pistol_ttt	-724.304443 649.246826 24.438446	-0.461 0.259 -0.533
item_ammo_pistol_ttt	-731.096924 649.250732 24.469961	-0.382 0.172 -0.304
item_ammo_pistol_ttt	-740.800720 944.652222 168.466660	-0.065 -0.476 -0.230
item_ammo_pistol_ttt	-764.829590 898.689270 168.394028	-0.379 0.015 -0.322
item_ammo_pistol_ttt	-846.822388 -1429.261475 31.772949	2.285 0.174 -2.051
item_ammo_pistol_ttt	-865.704529 -1453.854248 31.882463	-1.735 0.044 3.014
item_ammo_pistol_ttt	-881.952209 561.429077 168.443390	-0.201 0.230 -0.278
item_ammo_pistol_ttt	-891.674805 561.162537 168.451553	-0.377 0.473 -0.426
item_ammo_pistol_ttt	-955.286926 -822.029114 411.048004	-54.620 -16.300 22.535
item_ammo_pistol_ttt	-963.555603 -827.995789 408.969391	-73.972 -120.442 121.945
item_ammo_pistol_ttt	166.812439 270.897186 40.187191	0.124 0.022 -0.039
item_ammo_pistol_ttt	175.380920 270.142548 40.272694	-1.587 -1.623 0.001
item_ammo_pistol_ttt	20.907143 -291.844757 -3.731851	-9.989 5.916 -14.474
item_ammo_pistol_ttt	209.309204 -253.653976 184.282455	-0.044 0.009 0.009
item_ammo_pistol_ttt	237.431717 -249.974762 184.250198	0.077 0.022 -0.024
item_ammo_pistol_ttt	249.710693 -983.786316 -4.242091	0.111 0.087 3.561
item_ammo_pistol_ttt	26.060898 -313.333923 -3.763482	-4.537 -3.812 18.816
item_ammo_pistol_ttt	260.337982 185.224442 144.429749	-0.088 0.744 -0.382
item_ammo_pistol_ttt	260.390747 -984.484680 -4.220046	-0.099 0.455 8.327
item_ammo_pistol_ttt	262.055756 -1584.873535 -19.204182	-4.933 0.609 19.952
item_ammo_pistol_ttt	262.202728 -1606.445313 -23.801121	-5.382 2.041 6.988
item_ammo_pistol_ttt	270.653137 185.253586 144.417557	1.099 0.153 -0.173
item_ammo_pistol_ttt	360.506775 125.595566 36.427437	-0.392 0.036 -0.542
item_ammo_pistol_ttt	370.346832 127.528618 36.415813	-0.456 0.036 -0.630
item_ammo_pistol_ttt	385.124786 128.959137 36.450592	-0.265 0.035 -0.366
item_ammo_pistol_ttt	386.732635 19.295387 184.199142	0.115 0.022 -0.036
item_ammo_pistol_ttt	400.381226 -432.472961 -20.135239	8.557 -6.723 -7.447
item_ammo_pistol_ttt	404.108612 -435.262024 -17.118391	76.000 -104.462 -99.861
item_ammo_pistol_ttt	443.486420 518.023560 155.157211	0.938 -0.281 -6.041
item_ammo_pistol_ttt	458.341949 523.362366 154.651413	0.254 -0.206 -6.018
item_ammo_pistol_ttt	462.145325 -157.955765 -117.654411	-0.392 75.527 -0.261
item_ammo_pistol_ttt	463.648834 267.262695 32.454048	1.706 0.138 0.262
item_ammo_pistol_ttt	465.577026 -133.994781 -117.640953	0.789 84.211 -0.022
item_ammo_pistol_ttt	470.114563 238.414246 144.401962	-0.319 0.138 -0.436
item_ammo_pistol_ttt	472.869690 273.656708 32.455196	-0.875 -2.015 0.000
item_ammo_pistol_ttt	474.504852 -182.726364 186.429550	-0.380 0.036 -0.525
item_ammo_pistol_ttt	481.787292 219.940414 145.233185	0.942 0.559 5.310
item_ammo_pistol_ttt	481.810455 -193.245026 186.466705	-0.176 0.034 -0.243
item_ammo_pistol_ttt	482.974304 -167.467377 186.428497	-0.386 0.036 -0.533
item_ammo_pistol_ttt	521.920349 1177.253174 5.352842	-8.640 4.943 -0.920
item_ammo_pistol_ttt	521.938538 1195.135742 2.497653	-4.355 -0.496 -9.992
item_ammo_pistol_ttt	81.016708 524.457275 154.450623	1.296 -0.321 -6.053
item_ammo_pistol_ttt	97.835693 526.145386 154.335266	0.537 -0.237 -6.027
item_ammo_revolver_ttt	-129.630142 523.225647 168.429062	0.955 -0.025 -0.591
item_ammo_revolver_ttt	-138.726669 -197.597183 168.627182	0.441 0.050 0.028
item_ammo_revolver_ttt	-140.550964 -170.193253 168.590607	0.427 0.058 0.039
item_ammo_revolver_ttt	-141.295364 1102.671265 -22.504694	0.443 0.059 0.042
item_ammo_revolver_ttt	-141.975098 524.457153 168.422348	1.032 -0.029 -0.687
item_ammo_revolver_ttt	-142.938019 1092.378052 -22.483503	0.570 0.072 0.039
item_ammo_revolver_ttt	-2072.590088 -1183.866821 176.429993	0.953 -0.027 -0.584
item_ammo_revolver_ttt	-2072.746094 -1629.970825 479.965546	0.484 -0.074 -0.001
item_ammo_revolver_ttt	-2079.312500 -1610.944702 479.962891	0.487 -0.074 -0.002
item_ammo_revolver_ttt	-2081.197021 -1175.202515 176.428543	0.682 -0.004 -0.731
item_ammo_revolver_ttt	-266.458740 -551.622498 33.649082	4.731 0.215 -1.210
item_ammo_revolver_ttt	-275.701141 -551.688232 33.819935	0.565 -0.039 0.053
item_ammo_revolver_ttt	-425.231781 1077.411377 29.298269	-18.100 5.956 -6.848
item_ammo_revolver_ttt	-435.462341 1080.267334 25.583380	-19.845 -5.681 -2.745
item_ammo_revolver_ttt	-483.260986 -713.313293 0.793402	4.126 -0.289 1.882
item_ammo_revolver_ttt	-498.254883 -708.905151 1.760620	4.092 -0.279 2.009
item_ammo_revolver_ttt	-94.377609 28.814131 300.165985	67.515 169.950 168.669
item_ammo_revolver_ttt	-94.898933 17.923998 298.639465	61.070 -92.577 -112.288
item_ammo_revolver_ttt	145.525818 452.475372 7.825258	0.819 0.209 -0.077
item_ammo_revolver_ttt	164.321014 475.636169 3.865964	0.712 0.187 -0.018
item_ammo_revolver_ttt	381.692108 403.337402 22.092819	0.749 0.552 -0.022
item_ammo_revolver_ttt	389.389496 420.173279 22.093065	1.150 0.708 -0.037
item_ammo_revolver_ttt	467.471954 -50.637093 31.338354	0.431 0.059 0.041
item_ammo_revolver_ttt	467.596252 113.818672 183.876495	0.861 0.444 -0.026
item_ammo_revolver_ttt	473.801300 114.377563 183.929794	1.095 0.831 -0.029
item_ammo_revolver_ttt	478.628143 -45.731323 31.344084	0.433 0.056 0.039
item_ammo_smg1_ttt	-1565.291992 302.370392 523.283569	4.749 -0.316 -0.978
item_ammo_smg1_ttt	-1578.293579 276.711426 524.319031	4.765 -0.480 0.036
item_ammo_smg1_ttt	-1982.579102 -1108.370117 176.533386	0.346 -0.089 -0.154
item_ammo_smg1_ttt	-2001.084229 -1107.382935 176.524780	-0.456 -0.033 0.486
item_ammo_smg1_ttt	-2075.635986 -1220.775757 176.396790	0.137 -0.005 0.080
item_ammo_smg1_ttt	-2092.197998 -1219.933594 176.510269	-0.338 0.011 -0.283
item_ammo_smg1_ttt	-21.912153 865.225220 -22.307211	0.167 6.322 -0.006
item_ammo_smg1_ttt	-23.785645 894.582214 -22.355093	0.213 7.654 -0.070
item_ammo_smg1_ttt	-261.362030 -1340.877075 23.925753	1.346 0.032 -3.580
item_ammo_smg1_ttt	-282.614929 -1351.295898 27.131460	10.257 3.247 -12.702
item_ammo_smg1_ttt	-294.163452 -182.354263 63.970253	3.996 1.137 0.582
item_ammo_smg1_ttt	-308.181091 -172.874573 64.328209	6.618 -0.074 5.148
item_ammo_smg1_ttt	-784.777954 563.227539 169.672562	-3.664 -0.264 4.895
item_ammo_smg1_ttt	-801.212830 562.289307 169.090393	-5.127 -0.000 0.426
item_ammo_smg1_ttt	-84.874313 433.067139 34.494312	0.283 0.020 0.284
item_ammo_smg1_ttt	-85.025452 378.402588 34.474022	0.108 -0.026 0.331
item_ammo_smg1_ttt	-935.300659 605.325806 165.740616	-14.235 -2.672 11.825
item_ammo_smg1_ttt	-943.756104 578.875061 162.967316	-9.916 3.809 15.576
item_ammo_smg1_ttt	177.101501 -288.854095 -21.245407	6.962 -11.350 -8.551
item_ammo_smg1_ttt	180.837891 -308.650482 -20.597872	-7.119 2.654 -2.242
item_ammo_smg1_ttt	200.809692 496.226166 24.803370	35.841 2.811 -8.054
item_ammo_smg1_ttt	324.433838 102.140739 288.473999	0.108 -0.026 0.331
item_ammo_smg1_ttt	325.283051 121.967300 288.507782	-0.747 -0.033 0.759
item_ammo_smg1_ttt	347.213318 1164.625244 -21.866703	-3.903 0.017 -1.244
item_ammo_smg1_ttt	367.117981 1172.117310 -21.171703	-2.436 -0.131 -2.908
item_ammo_smg1_ttt	371.782104 492.785400 29.851669	89.262 13.777 3.763
item_box_buckshot_ttt	-671.743530 -923.859680 -31.516075	-1.071 -0.021 1.153
item_box_buckshot_ttt	-683.374146 -915.761292 -31.587183	0.815 -0.009 0.243
item_box_buckshot_ttt	-745.160645 783.572998 168.494751	-0.490 -0.002 0.584
item_box_buckshot_ttt	-754.214661 781.675720 168.441147	1.732 -0.102 -0.417
item_box_buckshot_ttt	10.139049 1004.487244 -23.151718	-4.217 0.912 -0.475
item_box_buckshot_ttt	140.260803 217.296051 146.495880	-0.425 -0.003 0.522
item_box_buckshot_ttt	141.521652 230.726730 146.469360	-0.962 -0.019 1.251
item_box_buckshot_ttt	161.554886 -168.634872 290.520355	-0.598 0.006 0.522
item_box_buckshot_ttt	162.037888 -779.300842 -22.127108	4.490 0.882 6.749
item_box_buckshot_ttt	169.707031 -168.850311 290.522186	0.151 -0.006 0.004
item_box_buckshot_ttt	170.853851 -779.983337 -22.912794	4.490 0.882 6.746
item_box_buckshot_ttt	28.855055 1005.434143 -21.827450	-2.503 0.629 -0.401
item_box_buckshot_ttt	444.407104 514.601257 38.420609	1.105 -0.008 -0.044
item_box_buckshot_ttt	482.340363 496.562286 37.533546	21.071 0.221 0.311
setting:	replacespawns 1
ttt_playerspawn	-118.955719 10.859894 144.525375	-0.030 -0.000 0.030
ttt_playerspawn	-1299.525879 -1238.509521 4.125274	0.631 -90.659 0.589
ttt_playerspawn	-1454.986450 249.635605 532.254578	0.000 -180.000 0.000
ttt_playerspawn	-173.179718 566.244690 -31.448729	-0.162 179.033 0.319
ttt_playerspawn	-1997.102783 -1231.863647 178.651016	-0.000 -0.074 0.000
ttt_playerspawn	-2126.764893 -1176.678345 416.585449	-0.022 -89.931 0.024
ttt_playerspawn	-218.701492 -642.698792 -31.446434	-0.000 -2.158 0.147
ttt_playerspawn	-2184.229248 -1629.628784 450.949982	0.000 90.000 -0.000
ttt_playerspawn	-2236.047607 -947.460144 452.014465	0.000 -90.000 0.000
ttt_playerspawn	-234.591721 70.871628 -31.470430	-0.122 -178.697 -0.121
ttt_playerspawn	-238.400543 866.403809 -27.419956	-0.337 93.054 -0.119
ttt_playerspawn	-26.090048 1172.479736 -20.115103	-0.802 -0.026 0.417
ttt_playerspawn	-34.527851 1001.889282 -27.496592	0.060 -178.932 0.060
ttt_playerspawn	-694.214722 694.569702 24.599800	-0.000 88.801 -0.000
ttt_playerspawn	-7.539335 501.274109 144.547104	-0.080 -89.937 -0.088
ttt_playerspawn	-771.886353 -560.964355 521.699036	-0.000 0.000 0.000
ttt_playerspawn	-892.574097 644.554016 168.550095	-0.150 -0.026 0.028
ttt_playerspawn	113.570854 307.674072 181.062378	0.000 0.004 -0.011
ttt_playerspawn	188.529495 171.284149 0.457231	0.009 -90.137 -0.018
ttt_playerspawn	23.499849 819.640015 -31.978788	-4.471 -0.180 3.263
ttt_playerspawn	245.165283 475.121368 0.591305	-0.024 -89.770 0.051
ttt_playerspawn	343.557556 192.576843 144.599869	-0.000 -90.000 -0.000
ttt_playerspawn	345.365631 -23.468098 288.590790	-0.018 -175.307 -0.011
ttt_playerspawn	370.980865 -96.509720 144.599823	0.000 180.000 0.000
ttt_playerspawn	438.702423 -212.861633 0.559370	0.129 -179.873 -0.000
ttt_playerspawn	44.410084 571.156128 -23.466625	0.227 89.866 -0.003
ttt_playerspawn	488.837830 1081.715332 -14.861922	0.092 -134.968 -0.091
ttt_playerspawn	553.733337 -922.393677 -31.416191	0.026 -178.280 -0.025
ttt_playerspawn	570.639465 684.706726 -27.278173	-1.043 178.571 0.646
ttt_playerspawn	94.307274 -422.586273 -31.446014	0.002 84.332 -0.148
ttt_random_ammo	-1439.114868 8.614890 537.159973	-11.231 -1.108 -0.350
ttt_random_ammo	-1452.658203 6.438818 534.658081	-11.544 -0.967 -0.319
ttt_random_ammo	-1930.845825 -1399.814453 176.375351	-0.287 -0.003 0.218
ttt_random_ammo	-1941.294312 -1408.527222 176.482254	1.524 0.057 -1.847
ttt_random_ammo	-1952.020264 -1400.061768 176.380692	-0.280 -0.003 0.202
ttt_random_ammo	-2004.188721 -1367.389160 176.365921	-0.304 -0.003 0.242
ttt_random_ammo	-2009.147461 -1378.217041 176.410812	-0.425 -0.003 -0.109
ttt_random_ammo	-433.490570 52.404202 -10.224587	-4.804 9.274 98.512
ttt_random_ammo	-459.981384 44.502239 -14.608068	-79.249 -123.993 136.084
ttt_random_ammo	-654.920776 765.297852 168.474823	-0.325 -0.918 0.007
ttt_random_ammo	-669.329712 765.405273 168.384140	-0.277 -0.003 0.189
ttt_random_ammo	-938.125061 -986.193604 5.391967	-0.260 0.131 -6.288
ttt_random_ammo	-951.367798 -990.824280 5.651684	-0.245 0.207 -5.201
ttt_random_ammo	102.246735 -1339.389526 81.388145	0.448 0.618 4.923
ttt_random_ammo	102.629295 157.453354 288.397003	-0.290 0.003 -0.113
ttt_random_ammo	107.418152 139.129242 288.406250	-0.355 0.003 0.006
ttt_random_ammo	114.753227 -1345.432739 81.466820	-2.742 0.080 0.383
ttt_random_ammo	127.880531 148.219574 288.404846	0.004 0.120 -0.082
ttt_random_ammo	130.607269 -1350.580811 81.742348	11.885 -1.541 0.555
ttt_random_ammo	134.384766 141.402664 288.393951	-0.282 -0.003 0.138
ttt_random_ammo	152.741745 140.333069 288.380676	-0.280 -0.003 0.201
ttt_random_ammo	160.172592 160.554092 288.373505	-0.290 -0.003 0.223
ttt_random_ammo	180.938614 -1002.702515 -3.651525	-26.286 -5.672 100.922
ttt_random_ammo	206.255707 -1006.949036 -5.476860	80.676 91.321 -177.584
ttt_random_ammo	220.755768 271.895813 179.331223	-0.072 -0.526 -5.734
ttt_random_ammo	228.005569 963.658020 -20.597027	-8.291 -0.547 -0.467
ttt_random_ammo	233.670624 943.367676 -18.943419	-8.374 -2.106 -2.901
ttt_random_ammo	243.784546 280.758820 178.752808	-0.044 -0.365 -4.879
ttt_random_ammo	250.717728 261.009521 180.091644	-0.062 -0.450 -5.483
ttt_random_ammo	253.728973 982.631592 -18.965721	-2.758 0.078 -3.426
ttt_random_ammo	258.540375 959.816650 -17.523375	-3.139 0.107 -4.411
ttt_random_ammo	265.144989 930.161804 -15.501268	-2.823 1.543 -4.067
ttt_random_ammo	268.149567 269.985046 179.464035	-0.072 -0.526 -5.707
ttt_random_ammo	280.532898 259.684021 180.192108	-0.054 -0.408 -5.247
ttt_random_ammo	293.285034 957.208008 -15.806339	-2.090 -0.429 -3.037
ttt_random_ammo	33.425972 130.680786 288.433319	-1.482 0.011 -1.458
ttt_random_ammo	381.366486 -1479.688843 6.486393	-4.905 -5.779 -85.502
ttt_random_ammo	390.847198 -1478.599121 7.007237	-0.002 -1.056 -88.694
ttt_random_ammo	464.809937 404.413177 168.423019	-0.069 -0.075 -7.817
ttt_random_ammo	467.899017 377.186066 171.823303	-0.077 -0.076 -7.906
ttt_random_ammo	473.192719 406.903137 168.107834	-0.079 -0.076 -7.930
ttt_random_ammo	476.004700 385.594147 170.751831	-0.131 -0.098 -8.491
ttt_random_ammo	575.625000 458.622589 -22.727690	1.089 0.021 -0.099
ttt_random_ammo	576.274963 469.266968 -21.808743	0.200 3.404 7.772
ttt_random_ammo	581.857483 1040.074585 -3.750046	-7.606 -0.826 0.043
ttt_random_ammo	582.895935 851.432434 -9.378499	-8.264 1.550 1.356
ttt_random_ammo	583.108459 468.120026 -22.141840	2.110 1.773 6.799
ttt_random_ammo	583.772400 481.989960 -20.712450	2.307 3.961 6.116
ttt_random_ammo	587.898132 486.673645 -20.486082	2.278 -7.642 5.209
ttt_random_ammo	590.460083 1041.711182 -3.863101	8.554 1.192 0.261
ttt_random_ammo	590.649109 1029.135620 -4.161972	7.001 -8.889 -0.137
ttt_random_ammo	590.704712 458.758423 -23.249306	3.381 -0.000 0.114
ttt_random_ammo	592.686584 469.288269 -22.430521	2.550 1.751 6.843
ttt_random_ammo	593.473328 848.309143 -9.415150	0.022 0.017 -2.352
ttt_random_ammo	62.137867 -633.912598 -17.364670	-79.557 125.752 -141.521
ttt_random_ammo	67.158043 135.898651 288.355743	-0.325 -0.003 0.264
ttt_random_ammo	71.526901 -623.560364 -16.200991	-73.162 155.284 -175.853
ttt_random_ammo	79.133812 139.047302 288.369781	-0.297 -0.003 0.232
ttt_random_weapon	-128.768250 -223.932526 145.225479	1.588 4.760 -93.255
ttt_random_weapon	-1454.294434 16.698853 534.957703	-8.562 8.471 -94.844
ttt_random_weapon	-1955.689331 -1387.384521 177.230591	1.530 4.756 -93.388
ttt_random_weapon	-1981.798706 -1378.878174 177.196884	1.910 4.782 -92.516
ttt_random_weapon	-35.703358 -99.024216 209.156586	2.362 97.912 -91.481
ttt_random_weapon	-440.076752 86.331039 -4.387862	3.407 -19.306 94.990
ttt_random_weapon	-664.780212 749.915649 169.196594	1.905 5.484 -92.518
ttt_random_weapon	-85.348701 588.360291 19.963139	4.400 -7.719 -94.257
ttt_random_weapon	-930.168823 -978.537476 5.533651	1.228 4.420 -99.852
ttt_random_weapon	103.859703 -1328.626465 83.346375	-0.542 -8.407 87.912
ttt_random_weapon	118.912361 162.697372 289.210846	1.753 4.772 -92.877
ttt_random_weapon	197.682953 -1015.888611 -7.977131	0.052 -15.872 94.581
ttt_random_weapon	257.981201 231.137924 145.212494	1.734 4.770 -92.919
ttt_random_weapon	36.874916 -651.588501 -19.223137	0.562 5.940 -102.460
ttt_random_weapon	390.555481 -1457.209106 7.415137	-3.163 3.853 102.108
ttt_random_weapon	43.967354 -623.623596 -22.970629	-1.454 8.284 -101.500
ttt_random_weapon	437.080688 28.518747 145.212494	1.734 4.770 -92.919
ttt_random_weapon	467.945465 414.704041 167.873993	2.956 8.807 -99.709
ttt_random_weapon	470.922729 395.683990 170.260254	2.859 8.825 -99.933
ttt_random_weapon	576.942078 867.399902 -8.774375	-4.526 4.331 -91.020
ttt_random_weapon	581.468750 1054.916016 -3.025480	-5.247 1.428 -93.540
ttt_random_weapon	60.271870 191.597229 179.140015	1.055 84.137 -92.258
ttt_random_weapon	76.522240 149.242874 289.231354	1.521 4.755 -93.408
weapon_ttt_confgrenade	-129.964264 -196.397156 42.074486	15.914 -25.810 -88.859
weapon_ttt_confgrenade	-141.216354 -194.673615 42.193218	14.152 -26.297 -91.178
weapon_ttt_confgrenade	-426.163055 808.791016 -13.534805	-4.566 -2.978 1.758
weapon_ttt_confgrenade	-434.790131 811.686096 -13.821514	-3.016 -1.982 1.087
weapon_ttt_confgrenade	-444.289734 806.376404 -11.895360	40.278 -99.272 95.225
weapon_ttt_confgrenade	-670.147705 -947.661621 -29.327339	36.651 -37.312 -99.083
weapon_ttt_confgrenade	-672.065247 -948.672791 -29.851957	16.074 -162.510 89.504
weapon_ttt_confgrenade	-672.682373 -942.620239 -29.724739	-38.488 -56.140 -94.436
weapon_ttt_confgrenade	-680.392639 -943.933228 -29.852766	-36.689 -51.069 -91.264
weapon_ttt_confgrenade	193.780167 556.802490 -21.977673	13.114 -31.721 -88.653
weapon_ttt_confgrenade	200.954971 558.578674 -23.432755	18.258 -28.869 -21.877
weapon_ttt_confgrenade	203.877151 560.246582 -21.716013	13.304 -23.440 -93.030
weapon_ttt_confgrenade	453.356628 179.090454 -106.815048	-35.613 -56.076 -89.664
weapon_ttt_confgrenade	457.554413 210.197678 -106.716896	-37.057 -54.692 -91.977
weapon_ttt_confgrenade	457.926758 188.478149 -106.844666	-35.177 -56.430 -88.995
weapon_ttt_confgrenade	499.273163 -195.386383 4.254839	36.337 -41.861 -81.653
weapon_ttt_confgrenade	500.267609 -190.015259 4.295028	13.129 -39.960 -95.849
weapon_ttt_confgrenade	510.586090 -188.829758 2.620452	26.075 -31.260 -58.568
weapon_ttt_glock	-1409.429810 77.920540 540.026672	-7.267 0.387 0.271
weapon_ttt_glock	-142.767426 346.876160 180.067337	2.123 0.350 -0.505
weapon_ttt_glock	-1865.643677 -1076.607666 177.106400	-0.451 25.666 90.797
weapon_ttt_glock	-1930.577759 -848.324280 443.968811	0.581 33.696 100.136
weapon_ttt_glock	-2069.473633 -1058.293335 416.023773	2.584 0.345 0.191
weapon_ttt_glock	-2073.623291 -1312.549805 176.068817	2.189 0.874 0.353
weapon_ttt_glock	-222.648315 -773.638794 35.462631	4.393 29.125 97.336
weapon_ttt_glock	-2349.407959 -1666.747070 450.021332	4.898 -3.927 -12.032
weapon_ttt_glock	-242.992920 1058.592041 4.230569	5.363 -2.070 0.163
weapon_ttt_glock	-497.821991 801.146484 -15.338423	-2.879 25.613 90.838
weapon_ttt_glock	-60.256512 -47.337921 321.138184	-0.653 25.132 91.063
weapon_ttt_glock	-71.888824 1094.817505 115.113708	-0.931 25.594 91.712
weapon_ttt_glock	-740.753235 646.039612 24.053452	2.287 0.604 -0.101
weapon_ttt_glock	-850.317627 -1466.776001 32.794559	-2.870 36.180 97.041
weapon_ttt_glock	-959.477295 -834.470886 405.865173	-17.227 30.836 95.566
weapon_ttt_glock	186.070114 264.577942 39.830074	1.946 0.151 -0.058
weapon_ttt_glock	224.574936 -248.076324 183.839600	1.934 0.149 -0.061
weapon_ttt_glock	241.110825 -1586.921875 -20.902012	-15.155 31.913 105.299
weapon_ttt_glock	410.118317 -443.530579 -19.741781	17.944 48.755 78.509
weapon_ttt_glock	462.206696 510.663300 156.627365	1.859 27.714 86.227
weapon_ttt_glock	465.776855 -144.881790 -117.992653	1.035 -4.215 -0.784
weapon_ttt_glock	478.191437 231.915771 145.132782	-0.526 51.907 91.500
weapon_ttt_glock	478.304901 -206.745438 187.068237	0.670 35.231 90.233
weapon_ttt_glock	478.644684 266.073578 32.143555	0.851 0.484 3.682
weapon_ttt_glock	506.796112 1181.455688 2.739216	-10.532 11.341 -2.107
weapon_ttt_m16	-1608.382935 301.363678 527.832825	4.798 4.196 87.497
weapon_ttt_m16	-192.833069 -866.917603 -31.093607	0.112 11.849 -87.717
weapon_ttt_m16	-2064.358398 -1406.425171 416.850250	0.191 13.138 -87.102
weapon_ttt_m16	-2365.889160 -894.197266 468.331879	16.263 0.149 92.663
weapon_ttt_m16	-303.733398 -196.958878 66.136475	6.421 13.023 88.896
weapon_ttt_m16	-333.219269 938.663147 8.911111	0.105 11.254 -87.760
weapon_ttt_m16	-744.894043 926.922485 168.995346	1.732 -28.730 85.054
weapon_ttt_m16	-780.363586 565.406921 169.304398	-1.003 -12.550 -87.681
weapon_ttt_m16	12.402974 -314.191193 -5.695743	-4.737 -1.380 -77.156
weapon_ttt_m16	159.689560 490.483429 12.966352	-0.500 -0.613 -90.066
weapon_ttt_m16	379.781830 144.288071 36.860271	0.177 13.137 -87.211
weapon_ttt_m16	94.539124 511.220428 156.311356	2.868 6.045 78.000
weapon_ttt_smokegrenade	-1946.027710 -1080.106567 176.110123	-1.190 -1.094 -0.908
weapon_ttt_smokegrenade	-1948.613281 -1087.863892 176.175919	-1.143 -1.579 -1.644
weapon_ttt_smokegrenade	-1954.827515 -1082.772949 176.121353	-1.084 -1.481 -1.657
weapon_ttt_smokegrenade	-203.387039 812.418762 -27.831736	-1.616 -1.161 -1.680
weapon_ttt_smokegrenade	-210.646240 812.701904 -27.842617	-1.548 -1.444 -1.576
weapon_ttt_smokegrenade	-217.302643 813.073181 -27.840473	-1.504 -1.457 -1.529
weapon_ttt_smokegrenade	22.024008 -204.701782 40.120876	-1.100 -1.206 -0.851
weapon_ttt_smokegrenade	27.211954 -199.160538 40.151634	-1.608 -0.767 -2.497
weapon_ttt_smokegrenade	32.693787 -203.857712 40.160805	-0.692 -1.712 -1.055
weapon_ttt_smokegrenade	374.551300 15.477926 183.968719	-1.344 -1.528 -1.581
weapon_ttt_smokegrenade	376.357788 23.394695 183.965240	-1.385 -1.389 -1.629
weapon_ttt_smokegrenade	395.938599 -255.178650 177.763199	-0.729 -1.812 -0.851
weapon_ttt_smokegrenade	406.454102 -254.874039 177.717407	-1.268 -1.499 -1.485
weapon_ttt_smokegrenade	452.404541 -116.283577 66.154274	-0.757 -1.690 -1.155
weapon_ttt_smokegrenade	453.213043 -130.747360 66.181740	-0.485 -1.745 -0.736
weapon_ttt_smokegrenade	453.675781 -103.182838 66.124573	-1.052 -1.485 -1.608
weapon_ttt_smokegrenade	49.434383 -55.469013 32.762272	-0.740 -1.812 -0.864
weapon_ttt_smokegrenade	498.542053 465.161072 -22.224264	-44.388 -10.509 99.321
weapon_ttt_smokegrenade	50.543301 -44.818432 32.761326	-0.751 -1.808 -0.877
weapon_ttt_smokegrenade	502.039948 460.331726 -23.326344	6.093 -21.918 -82.798
weapon_ttt_smokegrenade	507.901276 463.035461 -22.962351	-20.056 -0.874 46.019
weapon_zm_mac10	-1990.671143 -1094.020264 177.258621	-0.671 -53.922 -88.419
weapon_zm_mac10	-2071.445801 -1254.900146 177.792267	-2.072 -3.558 -85.131
weapon_zm_mac10	-297.783295 -1342.802979 28.263325	7.248 -12.052 -100.461
weapon_zm_mac10	-36.740108 885.724426 3.715388	0.027 92.402 87.370
weapon_zm_mac10	-83.676819 407.758911 34.501469	0.102 9.731 86.443
weapon_zm_mac10	-945.706482 593.792908 163.616791	-12.605 -7.652 101.994
weapon_zm_mac10	161.611069 -285.605560 -21.479334	-4.082 -32.923 -99.624
weapon_zm_mac10	279.950989 112.274536 309.940491	-0.644 -53.920 -88.410
weapon_zm_mac10	367.462250 1184.850586 -20.989353	-1.347 3.259 -90.236
weapon_zm_molotov	-135.652710 51.692390 2.079028	25.380 -124.811 90.560
weapon_zm_molotov	-1398.084595 155.760941 538.844482	55.310 160.810 78.105
weapon_zm_molotov	-140.228378 50.595634 1.784786	-47.477 79.549 -86.721
weapon_zm_molotov	-1401.002930 160.377045 537.727051	3.515 0.996 -99.586
weapon_zm_molotov	-1401.541260 151.848816 539.172058	17.403 -4.536 -100.546
weapon_zm_molotov	-143.528442 -113.970085 3.867568	0.487 0.078 0.243
weapon_zm_molotov	-144.061844 54.533665 2.289166	-88.728 76.726 -109.100
weapon_zm_molotov	-17.427795 835.116638 -24.013876	13.766 -0.316 0.502
weapon_zm_molotov	-2021.662720 -1359.512085 180.024246	14.781 -0.216 0.511
weapon_zm_molotov	-2031.264771 -1358.212158 179.990570	16.321 -0.192 0.548
weapon_zm_molotov	-2040.461304 -1355.575073 179.996948	16.038 -0.197 0.541
weapon_zm_molotov	-2058.172119 -1568.234619 487.570282	-21.716 -42.352 108.639
weapon_zm_molotov	-2065.481445 -1570.765625 482.665436	-85.235 -41.431 -159.892
weapon_zm_molotov	-24.566164 825.615051 -24.146868	-5.172 8.788 -0.138
weapon_zm_molotov	-31.541206 833.390076 -24.044527	4.961 0.020 0.294
weapon_zm_molotov	-823.686890 572.061707 168.181427	-0.924 -1.327 -1.542
weapon_zm_molotov	-832.523560 572.062134 168.177795	-1.315 -1.443 -1.452
weapon_zm_molotov	-843.307068 572.062012 168.161285	-1.453 -1.499 -2.093
weapon_zm_molotov	12.694904 132.429565 0.176144	-2.569 -1.690 -0.727
weapon_zm_molotov	19.394144 132.403473 0.145467	-1.984 0.446 -2.454
weapon_zm_molotov	20.284954 139.264084 0.125968	-1.121 -1.303 -0.646
weapon_zm_molotov	242.477890 -254.709290 4.038053	16.344 0.679 0.582
weapon_zm_molotov	250.359756 -254.890366 3.949937	12.538 0.035 1.115
weapon_zm_molotov	270.928497 -254.537415 4.041442	15.198 0.557 0.539
weapon_zm_molotov	313.639923 -1010.197205 -7.022879	25.006 -134.311 -95.642
weapon_zm_molotov	317.589630 -1003.975464 -5.363224	-16.819 16.105 99.248
weapon_zm_molotov	325.409088 -1006.657532 -5.901255	-11.756 15.627 97.673
weapon_zm_molotov	471.375183 331.916687 3.879342	0.495 0.078 0.214
weapon_zm_molotov	475.755951 -112.922470 4.146878	-1.772 -1.379 -1.806
weapon_zm_molotov	476.267639 -132.286621 4.141733	-1.882 -1.286 -1.918
weapon_zm_molotov	476.434143 -123.493500 4.177794	-1.113 -1.532 -1.132
weapon_zm_molotov	480.700470 331.695496 3.912530	0.519 0.078 0.134
weapon_zm_pistol	-125.589630 -301.364075 -17.849937	-20.726 68.870 -73.878
weapon_zm_pistol	-1386.318115 -1123.560547 -0.909847	0.627 45.305 91.958
weapon_zm_pistol	-2125.565674 -1361.832153 416.861694	0.367 -36.239 -88.470
weapon_zm_pistol	-325.071381 819.765076 -27.056047	0.452 -37.158 -89.492
weapon_zm_pistol	-39.918198 -143.694061 144.852005	0.396 -36.232 -88.366
weapon_zm_pistol	-47.928570 242.166672 144.056595	2.307 0.570 1.654
weapon_zm_pistol	-710.574402 1146.464355 29.363796	-2.650 -34.246 -101.434
weapon_zm_pistol	-912.763672 564.409363 168.886871	0.293 -36.259 -88.740
weapon_zm_pistol	239.084366 184.761703 144.841492	0.427 -36.223 -88.253
weapon_zm_pistol	268.519165 -992.201965 -4.723678	-4.488 32.808 98.359
weapon_zm_pistol	398.085388 15.806441 184.718216	0.356 -36.246 -88.509
weapon_zm_revolver	-100.056335 30.072136 298.912903	22.332 30.057 109.912
weapon_zm_revolver	-140.328323 -185.992615 169.220078	1.865 -20.628 -86.030
weapon_zm_revolver	-142.715668 499.952148 172.970551	1.929 -18.984 -85.919
weapon_zm_revolver	-161.833908 1092.486938 -21.884302	2.070 -20.540 -85.674
weapon_zm_revolver	-2072.972656 -1617.341309 480.467041	2.221 -24.089 -85.380
weapon_zm_revolver	-2079.579102 -1169.775391 176.970459	1.859 -20.628 -86.041
weapon_zm_revolver	-276.141754 -544.425171 34.328461	-5.893 -15.917 -92.111
weapon_zm_revolver	-430.009552 1088.443848 27.254889	-16.127 -33.076 -80.105
weapon_zm_revolver	-485.856720 -703.763855 1.823307	6.306 -26.797 -84.144
weapon_zm_revolver	101.187401 449.925995 12.470595	1.980 -23.025 -85.831
weapon_zm_revolver	386.133270 407.838165 22.650015	1.852 -20.629 -86.052
weapon_zm_revolver	473.399841 120.596222 184.508057	2.030 -20.555 -85.742
weapon_zm_revolver	475.801483 -31.105141 31.844509	2.365 -33.450 -84.851
weapon_zm_rifle	-2110.830322 -1602.723999 444.921936	-2.824 -85.919 -90.599
weapon_zm_rifle	-676.428223 578.649292 169.312653	0.645 -8.591 -85.623
weapon_zm_rifle	242.898544 -976.736145 132.123703	-4.429 56.883 -101.848
weapon_zm_rifle	311.315460 -191.670486 167.166016	3.539 12.946 65.588
weapon_zm_rifle	370.746796 -598.609375 -9.998572	-22.062 43.654 55.951
weapon_zm_rifle	467.648651 282.392181 179.428665	0.217 -9.108 -89.063
weapon_zm_shotgun	-643.070496 -917.659302 -30.429661	-0.669 -14.418 -90.761
weapon_zm_shotgun	-749.044434 810.060486 169.245361	-0.660 78.471 -86.759
weapon_zm_shotgun	159.194427 218.288208 146.703186	-0.466 -76.598 85.848
weapon_zm_shotgun	163.268539 -136.088272 291.370331	-0.422 73.496 85.897
weapon_zm_shotgun	169.544617 -805.495239 -23.210945	3.372 13.534 -85.428
weapon_zm_shotgun	26.420630 988.666809 -21.714668	-4.616 0.478 85.632
weapon_zm_shotgun	442.429962 483.956635 39.099201	-0.594 -7.776 -85.739
weapon_zm_sledge	-380.859589 -751.654663 -3.092053	5.292 -12.945 88.517
weapon_zm_sledge	-630.299011 1212.222656 113.762726	18.507 -1.117 1.888
weapon_zm_sledge	-77.214035 -283.736572 -2.269579	12.292 0.605 2.604
weapon_zm_sledge	297.247467 208.982224 33.761452	18.946 -88.111 2.961
weapon_zm_sledge	429.400421 235.107910 141.751968	12.349 0.417 2.709
weapon_zm_sledge	519.502625 -105.118279 445.808441	18.634 -0.127 2.992
weapon_zm_sledge	519.519775 -158.855255 445.808441	18.634 -0.124 2.992
